0.295505,0.110252,0.202758,0.002894,0.088522,0.273269,0.530133,1.972114,0.239593,0.226241,0.140240,-0.050120,0.195712,-0.077732,0.457910,0.517375,0.007463,-0.001888,-0.007886,0.003281,0.024105,0.012724,0.398521,0.000000,0.027640,0.000000,0.109850,0.000567,0.004925,1.621146,-0.061365,0.017080,0.055855,0.137002,-0.000830,0.170353,0.042257,0.018588,0.322254,0.018729,0.324219
0.110252,0.699298,0.044705,-0.004592,-0.158968,0.363717,-0.433686,-2.231964,0.104640,0.256168,-0.171572,-0.149731,0.018907,0.132743,0.103217,0.004822,0.020767,0.012300,-0.004206,0.007714,0.057699,-0.022341,-0.629638,0.000000,-0.000347,0.000000,0.006148,0.000398,-0.003848,1.077791,-0.077137,-0.013612,-0.033920,-0.272889,0.019745,0.060364,0.293719,-0.056548,0.074624,-0.020013,0.708582
0.202758,0.044705,2.222953,0.004302,0.143725,0.044514,1.095486,1.894200,-0.066227,-0.331460,0.157288,0.049197,0.429517,-0.155531,0.309375,0.173835,0.024130,-0.015055,-0.001065,-0.006725,0.011785,0.077576,0.471301,0.000000,0.301833,0.000000,0.074769,0.000855,0.077152,-1.454014,-0.144277,0.162826,0.868441,-0.092765,-0.017280,0.688685,0.029030,-0.054441,1.068447,-0.021628,0.396642
0.002894,-0.004592,0.004302,0.005851,0.039640,0.001205,0.030458,0.043823,0.003442,0.010554,0.047785,-0.005771,0.005188,-0.000209,0.009139,0.001908,-0.000101,-0.000154,-0.000115,0.000277,0.000000,0.000379,0.012963,0.000000,0.001835,0.000000,0.001064,0.000186,-0.000000,0.093077,0.019618,0.000000,0.011270,0.043019,0.000071,0.001420,-0.002302,0.009751,0.005504,-0.000000,-0.001612
0.088522,-0.158968,0.143725,0.039640,2.104078,0.150592,0.875747,0.191739,0.447663,0.406085,2.293923,-0.148629,0.208102,-0.041768,0.281071,0.634427,0.000192,0.000436,0.006481,0.028509,0.007800,0.001164,0.429543,0.000000,0.052938,0.000000,0.041369,0.000156,-0.000058,3.772477,0.548483,-0.009175,0.514415,1.608081,0.055061,0.041043,-0.022530,0.622069,0.222403,-0.001377,-0.029245
0.273269,0.363717,0.044514,0.001205,0.150592,1.321090,0.238936,-0.583755,0.776253,0.127586,0.143519,-0.188634,0.184627,-0.028294,0.437344,0.583440,0.023019,0.019147,-0.003031,0.002542,0.121148,-0.027737,0.216741,0.000000,-0.016250,0.000000,0.087293,0.001494,-0.003621,0.161844,0.124693,0.064175,0.013975,-0.068570,-0.023425,0.010028,0.252099,-0.070136,0.169670,-0.016111,1.667330
0.530133,-0.433686,1.095486,0.030458,0.875747,0.238936,5.100893,12.359229,1.295251,0.499618,1.299415,-0.215790,0.704192,-0.540571,1.068287,2.307640,0.008271,-0.030897,-0.006869,0.010715,-0.023371,0.100383,1.714103,0.000000,0.242085,0.000000,0.258228,0.004284,0.063302,5.571309,-0.068124,-0.031780,1.122192,1.388854,-0.002618,0.542235,-0.108886,0.372536,1.189912,0.092428,-0.022173
1.972114,-2.231964,1.894200,0.043823,0.191739,-0.583755,12.359229,84.675835,-0.076174,-2.332930,0.199335,0.144538,1.995761,-2.332218,3.645593,2.148564,-0.027068,-0.189611,-0.091374,-0.063913,-0.122353,0.564242,8.867309,0.000000,0.853820,0.000000,1.187234,-0.023318,0.202897,4.603582,-2.647574,0.119675,0.659107,1.290189,-1.619845,1.576196,-1.394118,-0.904067,3.481486,0.442230,-1.146899
0.239593,0.104640,-0.066227,0.003442,0.447663,0.776253,1.295251,-0.076174,2.661214,0.718470,0.538090,-0.061042,0.254973,-0.027579,0.518587,2.703756,-0.008300,-0.000892,-0.000000,0.007896,-0.012137,0.005780,0.302639,0.000000,-0.030607,0.000000,0.082625,0.006760,-0.003694,2.468037,0.177656,-0.001988,0.121883,0.109763,0.132906,0.087598,-0.124973,0.024538,0.287102,0.008179,-0.004074
0.226241,0.256168,-0.331460,0.010554,0.406085,0.127586,0.499618,-2.332930,0.718470,2.980115,0.501615,-0.642182,0.284152,0.297534,0.546202,3.452646,0.017794,0.004218,-0.010592,0.027865,-0.024492,-0.062875,0.087167,0.000000,-0.075752,0.000000,0.083243,0.000712,-0.022523,14.383413,1.160718,-0.008267,0.203703,0.105369,0.264761,-0.098992,0.389222,-0.052465,0.162813,0.146878,-0.033892
0.140240,-0.171572,0.157288,0.047785,2.293923,0.143519,1.299415,0.199335,0.538090,0.501615,3.809658,-0.154797,0.289659,-0.071654,0.412612,0.938604,0.000187,0.001100,0.003755,0.031984,0.002213,0.004001,0.527554,0.000000,0.083482,0.000000,0.065648,0.000569,0.000447,5.044950,0.711445,0.001735,0.655923,2.303253,0.068404,0.072228,-0.039100,0.993295,0.332649,0.000447,-0.109754
-0.050120,-0.149731,0.049197,-0.005771,-0.148629,-0.188634,-0.215790,0.144538,-0.061042,-0.642182,-0.154797,0.586048,-0.070324,-0.037867,-0.112862,-0.620127,-0.014035,-0.004261,0.000069,0.002311,-0.015344,0.020054,0.016721,0.000000,-0.000136,0.000000,-0.016604,-0.000427,0.004465,-3.815837,-0.190487,-0.004940,-0.067076,-0.071544,-0.070684,0.016844,-0.217178,-0.019421,-0.056532,-0.074788,-0.312426
0.195712,0.018907,0.429517,0.005188,0.208102,0.184627,0.704192,1.995761,0.254973,0.284152,0.289659,-0.070324,0.334217,0.065483,0.418632,0.767783,0.004948,-0.004297,-0.003746,0.002589,0.013037,0.024424,0.364238,0.000000,0.044425,0.000000,0.086671,-0.000859,0.030261,1.906191,0.518160,0.023038,0.225457,0.207407,0.016512,0.332354,-0.037179,0.041512,0.589717,0.025505,0.260721
-0.077732,0.132743,-0.155531,-0.000209,-0.041768,-0.028294,-0.540571,-2.332218,-0.027579,0.297534,-0.071654,-0.037867,0.065483,0.494590,0.003223,0.082235,-0.007206,0.005440,-0.001361,0.000601,-0.004869,-0.021037,-0.428370,0.000000,-0.045527,0.000000,-0.032427,-0.000267,-0.008224,0.632536,1.114702,-0.007605,-0.030700,-0.181863,0.021723,-0.062397,-0.084126,-0.071417,-0.048242,0.009269,0.052236
0.457910,0.103217,0.309375,0.009139,0.281071,0.437344,1.068287,3.645593,0.518587,0.546202,0.412612,-0.112862,0.418632,0.003223,0.852676,1.178883,0.007536,-0.004293,-0.014446,0.005121,0.031209,0.021651,0.739413,0.000000,0.039885,0.000000,0.184982,0.001184,0.010374,3.634892,0.489465,0.032234,0.172896,0.435492,0.011951,0.242641,-0.019045,0.095487,0.573700,0.041702,0.515925
0.517375,0.004822,0.173835,0.001908,0.634427,0.583440,2.307640,2.148564,2.703756,3.452646,0.938604,-0.620127,0.767783,0.082235,1.178883,12.252969,0.003483,-0.009775,-0.013980,0.057050,-0.010724,0.006976,1.237771,0.000000,-0.029638,0.000000,0.217967,0.018072,-0.013001,18.046026,1.207751,0.019005,0.503549,0.241768,0.663011,0.213956,-0.049731,0.089126,0.858667,0.384588,-0.219358
0.007463,0.020767,0.024130,-0.000101,0.000192,0.023019,0.008271,-0.027068,-0.008300,0.017794,0.000187,-0.014035,0.004948,-0.007206,0.007536,0.003483,0.002223,0.000567,0.000070,0.000354,0.004887,-0.000889,-0.003309,0.000000,0.003815,0.000000,0.002075,0.000151,0.000224,0.139752,-0.017962,0.001383,0.010901,-0.000890,0.001361,0.005626,0.026569,0.001449,0.012400,0.000921,0.047102
-0.001888,0.012300,-0.015055,-0.000154,0.000436,0.019147,-0.030897,-0.189611,-0.000892,0.004218,0.001100,-0.004261,-0.004297,0.005440,-0.004293,-0.009775,0.000567,0.000996,0.000420,0.000213,0.003229,-0.002473,-0.021270,0.000000,-0.002962,0.000000,-0.001577,-0.000020,-0.000978,-0.003938,0.007860,-0.000592,-0.003661,0.002199,0.003784,-0.008676,0.010301,0.004901,-0.012511,-0.001002,0.034339
-0.007886,-0.004206,-0.001065,-0.000115,0.006481,-0.003031,-0.006869,-0.091374,-0.000000,-0.010592,0.003755,0.000069,-0.003746,-0.001361,-0.014446,-0.013980,0.000070,0.000420,0.013081,0.000000,-0.000250,-0.001153,-0.007877,0.000000,0.001026,0.000000,-0.001935,-0.001027,-0.000278,-0.006767,-0.004601,-0.000000,0.004212,0.018689,0.017253,-0.006497,0.004120,0.019599,-0.006905,-0.000640,-0.002399
0.003281,0.007714,-0.006725,0.000277,0.028509,0.002542,0.010715,-0.063913,0.007896,0.027865,0.031984,0.002311,0.002589,0.000601,0.005121,0.057050,0.000354,0.000213,0.000000,0.015895,0.000965,-0.000561,-0.000547,0.000000,-0.004247,0.000000,0.001357,-0.000004,-0.000000,0.320176,-0.004571,0.000000,0.006114,0.020593,-0.000788,0.000929,0.005410,0.010747,0.003255,-0.000000,0.007361
0.024105,0.057699,0.011785,0.000000,0.007800,0.121148,-0.023371,-0.122353,-0.012137,-0.024492,0.002213,-0.015344,0.013037,-0.004869,0.031209,-0.010724,0.004887,0.003229,-0.000250,0.000965,0.039015,-0.004369,-0.020363,0.000000,-0.002310,0.000000,0.006045,0.000390,-0.000626,-0.078187,-0.006719,-0.000469,0.000254,-0.006763,-0.004566,0.003592,0.053331,-0.007352,0.014934,-0.001439,0.214554
0.012724,-0.022341,0.077576,0.000379,0.001164,-0.027737,0.100383,0.564242,0.005780,-0.062875,0.004001,0.020054,0.024424,-0.021037,0.021651,0.006976,-0.000889,-0.002473,-0.001153,-0.000561,-0.004369,0.009921,0.059506,0.000000,0.011777,0.000000,0.006500,0.000181,0.004788,-0.163888,-0.034241,0.002485,0.018893,0.006501,-0.015245,0.055131,-0.029590,-0.004094,0.074184,-0.000384,-0.051431
0.398521,-0.629638,0.471301,0.012963,0.429543,0.216741,1.714103,8.867309,0.302639,0.087167,0.527554,0.016721,0.364238,-0.428370,0.739413,1.237771,-0.003309,-0.021270,-0.007877,-0.000547,-0.020363,0.059506,2.655577,0.000000,0.063879,0.000000,0.226075,0.002323,0.011969,2.942009,-0.357685,0.237907,0.128091,0.733681,-0.029167,0.223356,-0.207140,0.164602,0.535460,0.065523,0.088066
0.000000,0.000000,0.000000,0.000000,0.000000,0.000000,0.000000,0.000000,0.000000,0.000000,0.000000,0.000000,0.000000,0.000000,0.000000,0.000000,0.000000,0.000000,0.000000,0.000000,0.000000,0.000000,0.000000,0.000000,0.000000,0.000000,0.000000,0.000000,0.000000,0.000000,0.000000,0.000000,0.000000,0.000000,0.000000,0.000000,0.000000,0.000000,0.000000,0.000000,0.000000
0.027640,-0.000347,0.301833,0.001835,0.052938,-0.016250,0.242085,0.853820,-0.030607,-0.075752,0.083482,-0.000136,0.044425,-0.045527,0.039885,-0.029638,0.003815,-0.002962,0.001026,-0.004247,-0.002310,0.011777,0.063879,0.000000,0.129646,0.000000,0.013168,0.000053,-0.002713,-0.177053,-0.071632,0.018616,0.128609,0.073096,-0.012577,0.045344,0.010775,0.017701,0.095642,-0.003998,-0.128609
0.000000,0.000000,0.000000,0.000000,0.000000,0.000000,0.000000,0.000000,0.000000,0.000000,0.000000,0.000000,0.000000,0.000000,0.000000,0.000000,0.000000,0.000000,0.000000,0.000000,0.000000,0.000000,0.000000,0.000000,0.000000,0.000000,0.000000,0.000000,0.000000,0.000000,0.000000,0.000000,0.000000,0.000000,0.000000,0.000000,0.000000,0.000000,0.000000,0.000000,0.000000
0.109850,0.006148,0.074769,0.001064,0.041369,0.087293,0.258228,1.187234,0.082625,0.083243,0.065648,-0.016604,0.086671,-0.032427,0.184982,0.217967,0.002075,-0.001577,-0.001935,0.001357,0.006045,0.006500,0.226075,0.000000,0.013168,0.000000,0.049523,-0.001647,0.002776,0.697381,-0.011689,0.010546,0.026557,0.092879,0.001168,0.058759,-0.001745,0.023026,0.130653,0.010919,0.109677
0.000567,0.000398,0.000855,0.000186,0.000156,0.001494,0.004284,-0.023318,0.006760,0.000712,0.000569,-0.000427,-0.000859,-0.000267,0.001184,0.018072,0.000151,-0.000020,-0.001027,-0.000004,0.000390,0.000181,0.002323,0.000000,0.000053,0.000000,-0.001647,0.025652,0.000259,0.020961,0.002122,-0.000305,-0.000290,0.002400,-0.006042,0.003356,-0.000764,-0.001846,-0.001455,0.000114,-0.004788
0.004925,-0.003848,0.077152,-0.000000,-0.000058,-0.003621,0.063302,0.202897,-0.003694,-0.022523,0.000447,0.004465,0.030261,-0.008224,0.010374,-0.013001,0.000224,-0.000978,-0.000278,-0.000000,-0.000626,0.004788,0.011969,0.000000,-0.002713,0.000000,0.002776,0.000259,0.025690,-0.157573,-0.007585,-0.001554,0.036869,-0.024518,-0.004033,0.079505,-0.009525,-0.014326,0.102742,-0.001599,0.006349
1.621146,1.077791,-1.454014,0.093077,3.772477,0.161844,5.571309,4.603582,2.468037,14.383413,5.044950,-3.815837,1.906191,0.632536,3.634892,18.046026,0.139752,-0.003938,-0.006767,0.320176,-0.078187,-0.163888,2.942009,0.000000,-0.177053,0.000000,0.697381,0.020961,-0.157573,128.832288,4.731849,-0.075835,1.501523,6.768106,0.452108,0.059252,2.637147,2.565623,2.034778,1.089907,-0.815937
-0.061365,-0.077137,-0.144277,0.019618,0.548483,0.124693,-0.068124,-2.647574,0.177656,1.160718,0.711445,-0.190487,0.518160,1.114702,0.489465,1.207751,-0.017962,0.007860,-0.004601,-0.004571,-0.006719,-0.034241,-0.357685,0.000000,-0.071632,0.000000,-0.011689,0.002122,-0.007585,4.731849,4.253292,-0.009707,0.325606,0.366581,0.091975,-0.150443,-0.292540,0.056313,0.231763,0.051729,0.321164
0.017080,-0.013612,0.162826,0.000000,-0.009175,0.064175,-0.031780,0.119675,-0.001988,-0.008267,0.001735,-0.004940,0.023038,-0.007605,0.032234,0.019005,0.001383,-0.000592,-0.000000,0.000000,-0.000469,0.002485,0.237907,0.000000,0.018616,0.000000,0.010546,-0.000305,-0.001554,-0.075835,-0.009707,0.148519,0.002837,-0.033539,0.012147,0.011851,0.005293,-0.009733,0.033673,-0.001554,0.102735
0.055855,-0.033920,0.868441,0.011270,0.514415,0.013975,1.122192,0.659107,0.121883,0.203703,0.655923,-0.067076,0.225457,-0.030700,0.172896,0.503549,0.010901,-0.003661,0.004212,0.006114,0.000254,0.018893,0.128091,0.000000,0.128609,0.000000,0.026557,-0.000290,0.036869,1.501523,0.325606,0.002837,1.144322,0.526060,0.083981,0.198591,0.032450,0.179306,0.404774,0.004975,0.311448
0.137002,-0.272889,-0.092765,0.043019,1.608081,-0.068570,1.388854,1.290189,0.109763,0.105369,2.303253,-0.071544,0.207407,-0.181863,0.435492,0.241768,-0.000890,0.002199,0.018689,0.020593,-0.006763,0.006501,0.733681,0.000000,0.073096,0.000000,0.092879,0.002400,-0.024518,6.768106,0.366581,-0.033539,0.526060,4.894605,0.223502,-0.099186,-0.040045,1.855048,0.121030,-0.062725,-0.290438
-0.000830,0.019745,-0.017280,0.000071,0.055061,-0.023425,-0.002618,-1.619845,0.132906,0.264761,0.068404,-0.070684,0.016512,0.021723,0.011951,0.663011,0.001361,0.003784,0.017253,-0.000788,-0.004566,-0.015245,-0.029167,0.000000,-0.012577,0.000000,0.001168,-0.006042,-0.004033,0.452108,0.091975,0.012147,0.083981,0.223502,0.689967,-0.023624,0.065846,0.270927,-0.006769,-0.005352,-0.051809
0.170353,0.060364,0.688685,0.001420,0.041043,0.010028,0.542235,1.576196,0.087598,-0.098992,0.072228,0.016844,0.332354,-0.062397,0.242641,0.213956,0.005626,-0.008676,-0.006497,0.000929,0.003592,0.055131,0.223356,0.000000,0.045344,0.000000,0.058759,0.003356,0.079505,0.059252,-0.150443,0.011851,0.198591,-0.099186,-0.023624,1.028284,-0.032106,-0.056614,1.151661,-0.002681,-0.008234
0.042257,0.293719,0.029030,-0.002302,-0.022530,0.252099,-0.108886,-1.394118,-0.124973,0.389222,-0.039100,-0.217178,-0.037179,-0.084126,-0.019045,-0.049731,0.026569,0.010301,0.004120,0.005410,0.053331,-0.029590,-0.207140,0.000000,0.010775,0.000000,-0.001745,-0.000764,-0.009525,2.637147,-0.292540,0.005293,0.032450,-0.040045,0.065846,-0.032106,0.428292,0.026471,-0.025285,0.005933,0.494499
0.018588,-0.056548,-0.054441,0.009751,0.622069,-0.070136,0.372536,-0.904067,0.024538,-0.052465,0.993295,-0.019421,0.041512,-0.071417,0.095487,0.089126,0.001449,0.004901,0.019599,0.010747,-0.007352,-0.004094,0.164602,0.000000,0.017701,0.000000,0.023026,-0.001846,-0.014326,2.565623,0.056313,-0.009733,0.179306,1.855048,0.270927,-0.056614,0.026471,1.042533,0.002649,-0.033741,-0.140058
0.322254,0.074624,1.068447,0.005504,0.222403,0.169670,1.189912,3.481486,0.287102,0.162813,0.332649,-0.056532,0.589717,-0.048242,0.573700,0.858667,0.012400,-0.012511,-0.006905,0.003255,0.014934,0.074184,0.535460,0.000000,0.095642,0.000000,0.130653,-0.001455,0.102742,2.034778,0.231763,0.033673,0.404774,0.121030,-0.006769,1.151661,-0.025285,0.002649,1.538776,0.018593,0.214336
0.018729,-0.020013,-0.021628,-0.000000,-0.001377,-0.016111,0.092428,0.442230,0.008179,0.146878,0.000447,-0.074788,0.025505,0.009269,0.041702,0.384588,0.000921,-0.001002,-0.000640,-0.000000,-0.001439,-0.000384,0.065523,0.000000,-0.003998,0.000000,0.010919,0.000114,-0.001599,1.089907,0.051729,-0.001554,0.004975,-0.062725,-0.005352,-0.002681,0.005933,-0.033741,0.018593,0.122971,-0.000062
0.324219,0.708582,0.396642,-0.001612,-0.029245,1.667330,-0.022173,-1.146899,-0.004074,-0.033892,-0.109754,-0.312426,0.260721,0.052236,0.515925,-0.219358,0.047102,0.034339,-0.002399,0.007361,0.214554,-0.051431,0.088066,0.000000,-0.128609,0.000000,0.109677,-0.004788,0.006349,-0.815937,0.321164,0.102735,0.311448,-0.290438,-0.051809,-0.008234,0.494499,-0.140058,0.214336,-0.000062,3.788054
