0.270955,0.080928,0.201478,0.001654,0.192253,0.266222,0.479906,1.907344,0.137710,0.192371,0.250638,-0.054920,0.190206,-0.053495,0.423593,0.870039,0.007751,-0.001770,-0.005689,0.026768,0.028408,0.011158,0.378682,-0.002722,0.021115,0.000146,0.104649,0.005604,0.009065,1.683725,-0.019090,0.069177,0.233103,0.163504,0.019455,0.147101,0.042828,0.018160,0.277687,0.019457,0.420026
0.080928,0.630212,0.088666,-0.015829,-0.177578,0.313468,-0.299747,-2.094882,0.061864,0.231716,-0.198737,-0.138696,0.019065,0.201582,0.076135,0.063497,0.024011,0.011630,0.001207,0.029138,0.067933,-0.022100,-0.604867,-0.004904,-0.005719,-0.018657,0.002509,0.002708,0.008650,1.009720,-0.003226,-0.110680,-0.084362,-0.260280,-0.023470,0.034965,0.312694,-0.003333,0.053562,-0.009259,0.758402
0.201478,0.088666,2.031606,0.017776,0.079896,0.075198,1.279224,1.549756,-0.389453,-0.462101,-0.060723,0.018171,0.406014,-0.146826,0.298705,-0.784506,0.025815,-0.013675,-0.005799,0.009794,0.037932,0.068713,0.527293,0.080992,0.306020,0.003010,0.075741,-0.001056,0.077244,-1.755703,-0.111643,0.067260,0.998322,0.009419,-0.282506,0.669412,0.052934,-0.069948,0.955310,-0.009616,1.800870
0.001654,-0.015829,0.017776,0.044850,0.195224,0.002693,0.100443,-0.107389,-0.000063,-0.011575,0.326051,-0.014346,0.011827,-0.010108,0.010589,-0.021426,0.000232,0.000700,0.010565,0.005142,0.000132,-0.000338,0.023471,-0.000466,0.007055,0.011530,0.001098,0.001118,-0.001571,0.289513,0.041099,0.004920,0.075773,0.270305,0.031950,-0.007776,0.005379,0.106439,0.019622,-0.004682,0.012136
0.192253,-0.177578,0.079896,0.195224,3.762012,0.017805,1.586930,1.766691,-0.076250,0.174802,4.716885,-0.122243,0.312058,-0.106927,0.518875,0.709739,-0.000541,0.000646,0.002677,0.204296,0.005915,0.014069,0.772260,-0.020576,0.005642,0.074658,0.108517,0.003875,-0.017199,7.458919,0.439944,0.034375,1.057479,3.556183,0.478637,-0.051627,-0.077808,1.631769,0.293225,-0.050271,0.051204
0.266222,0.313468,0.075198,0.002693,0.017805,1.215568,0.230915,-0.361861,0.844671,0.209250,0.008574,-0.249821,0.173493,-0.016692,0.444851,1.090606,0.023198,0.017023,0.002634,0.001665,0.123596,-0.024072,0.284547,-0.007126,-0.023456,0.001981,0.086636,0.003785,0.008603,0.402596,0.163689,0.119774,-0.026636,-0.076576,0.013119,0.011552,0.238700,-0.094227,0.157759,-0.008494,1.696142
0.479906,-0.299747,1.279224,0.100443,1.586930,0.230915,4.352837,11.063796,0.229225,0.109665,1.887609,-0.231467,0.641433,-0.536149,0.940701,1.920256,0.009580,-0.030924,-0.019114,0.184749,-0.016358,0.097902,1.659456,0.055314,0.222250,0.050308,0.236640,0.012949,0.060862,4.873398,-0.212745,-0.150634,2.497929,1.557091,0.301627,0.541241,-0.088046,0.356145,1.052782,0.059681,0.923157
1.907344,-2.094882,1.549756,-0.107389,1.766691,-0.361861,11.063796,80.563568,-3.583605,-2.305533,2.339538,0.022560,1.966932,-2.797321,3.462911,3.554712,-0.038451,-0.184300,-0.164921,0.144936,-0.123339,0.541574,8.035227,0.132150,0.725015,0.118976,1.121606,0.029353,0.192331,6.320279,-3.335042,0.215395,5.258835,1.963289,-2.033550,1.510551,-1.466222,-1.000103,3.079116,0.490369,1.104398
0.137710,0.061864,-0.389453,-0.000063,-0.076250,0.844671,0.229225,-3.583605,3.076955,0.406333,-0.229513,0.081540,0.120187,0.371000,0.335941,1.991812,-0.020009,0.007878,-0.009607,-0.035270,0.003580,-0.021679,-0.230072,-0.016580,-0.118105,0.003793,0.021175,0.004863,-0.017990,-1.311117,0.638550,0.044463,-0.318030,-0.172386,-0.019637,-0.034138,-0.225632,-0.268030,-0.009959,-0.033407,-0.325852
0.192371,0.231716,-0.462101,-0.011575,0.174802,0.209250,0.109665,-2.305533,0.406333,2.829529,0.074358,-0.613343,0.249373,0.444275,0.508461,5.833449,0.017335,0.004020,-0.009281,0.119716,-0.039848,-0.065565,0.073656,-0.043955,-0.101405,-0.028254,0.074989,0.001833,-0.034259,13.326472,1.171117,-0.021127,0.081907,-0.073358,0.391978,-0.195181,0.423411,-0.091772,0.056465,0.127044,-0.548530
0.250638,-0.198737,-0.060723,0.326051,4.716885,0.008574,1.887609,2.339538,-0.229513,0.074358,7.151746,-0.206680,0.340692,-0.265333,0.640569,0.511483,0.001663,0.003032,0.017183,0.283919,0.008107,0.018177,0.893569,-0.038845,0.012309,0.136300,0.141322,0.004493,-0.031662,9.582940,0.288101,0.008847,1.381717,5.157820,0.853579,-0.106712,-0.054762,2.433286,0.329311,-0.072815,-0.143481
-0.054920,-0.138696,0.018171,-0.014346,-0.122243,-0.249821,-0.231467,0.022560,0.081540,-0.613343,-0.206680,0.508722,-0.085498,-0.053312,-0.136815,-1.131170,-0.014050,-0.004455,-0.004078,0.001389,-0.021171,0.017523,-0.014354,0.002647,0.006667,-0.000470,-0.020186,-0.000868,-0.001778,-3.917939,-0.188062,0.059877,-0.074616,-0.068531,-0.176972,0.008145,-0.219071,-0.015393,-0.082830,-0.067974,-0.433082
0.190206,0.019065,0.406014,0.011827,0.312058,0.173493,0.641433,1.966932,0.120187,0.249373,0.340692,-0.085498,0.326007,0.063348,0.405933,1.001569,0.005070,-0.005336,-0.005600,0.025308,0.011995,0.025696,0.355549,0.032236,0.044685,0.006767,0.081711,0.004787,0.032744,1.903442,0.507796,0.028322,0.417453,0.249602,-0.083420,0.331674,-0.036057,0.020876,0.554808,0.020147,0.490952
-0.053495,0.201582,-0.146826,-0.010108,-0.106927,-0.016692,-0.536149,-2.797321,0.371000,0.444275,-0.265333,-0.053312,0.063348,0.557482,0.014058,0.653936,-0.004528,0.006004,0.000749,-0.014071,-0.011080,-0.023763,-0.529003,-0.008921,-0.029961,-0.018058,-0.036155,-0.000619,-0.006248,1.052970,1.118787,-0.035248,-0.213387,-0.209210,-0.082362,-0.055009,-0.018919,-0.074155,-0.037843,0.002307,-0.190702
0.423593,0.076135,0.298705,0.010589,0.518875,0.444851,0.940701,3.462911,0.335941,0.508461,0.640569,-0.136815,0.405933,0.014058,0.792217,1.889652,0.008213,-0.003761,-0.011820,0.044719,0.033302,0.019067,0.685305,-0.006174,0.027565,0.008630,0.177988,0.008460,0.015629,3.651059,0.502076,0.099356,0.462678,0.468783,-0.009900,0.204593,-0.008895,0.081316,0.503490,0.042701,0.652141
0.870039,0.063497,-0.784506,-0.021426,0.709739,1.090606,1.920256,3.554712,1.991812,5.833449,0.511483,-1.131170,1.001569,0.653936,1.889652,16.629097,0.020243,-0.011349,-0.028759,0.252099,-0.047128,-0.052958,1.728506,-0.050777,-0.184295,-0.054673,0.365896,0.013684,-0.032975,31.485749,2.329147,0.141553,0.846101,-0.301008,0.576529,0.076297,0.469555,-0.337511,0.918375,0.448906,-0.944533
0.007751,0.024011,0.025815,0.000232,-0.000541,0.023198,0.009580,-0.038451,-0.020009,0.017335,0.001663,-0.014050,0.005070,-0.004528,0.008213,0.020243,0.002371,0.000629,0.000151,0.003100,0.005755,-0.000933,-0.003554,0.000360,0.003314,-0.000436,0.001893,0.000075,0.000973,0.146782,-0.017700,-0.000869,0.013138,-0.002496,0.002178,0.005412,0.027602,0.001481,0.011633,0.001194,0.077577
-0.001770,0.011630,-0.013675,0.000700,0.000646,0.017023,-0.030924,-0.184300,0.007878,0.004020,0.003032,-0.004455,-0.005336,0.006004,-0.003761,-0.011349,0.000629,0.001021,0.000573,0.000011,0.003359,-0.002400,-0.019172,-0.001103,-0.003226,-0.000053,-0.001687,-0.000008,-0.000682,-0.004777,0.009817,-0.000284,-0.017668,0.001739,0.006321,-0.011032,0.010580,0.005483,-0.013988,-0.000788,0.027195
-0.005689,0.001207,-0.005799,0.010565,0.002677,0.002634,-0.019114,-0.164921,-0.009607,-0.009281,0.017183,-0.004078,-0.005600,0.000749,-0.011820,-0.028759,0.000151,0.000573,0.010729,-0.000978,0.000293,-0.001134,-0.013812,-0.000185,-0.000997,0.000930,-0.002519,0.000475,-0.000510,-0.071332,-0.001986,0.001706,-0.009340,0.007103,0.026538,-0.002495,0.005092,0.017349,0.005178,-0.002997,0.004981
0.026768,0.029138,0.009794,0.005142,0.204296,0.001665,0.184749,0.144936,-0.035270,0.119716,0.283919,0.001389,0.025308,-0.014071,0.044719,0.252099,0.003100,0.000011,-0.000978,0.084907,0.004110,0.000332,0.025543,0.000837,0.005524,0.000208,0.011962,0.000093,0.001370,1.756010,-0.034327,-0.000847,0.160760,0.232540,-0.006335,0.013355,0.040797,0.103324,0.044229,-0.003470,0.024479
0.028408,0.067933,0.037932,0.000132,0.005915,0.123596,-0.016358,-0.123339,0.003580,-0.039848,0.008107,-0.021171,0.011995,-0.011080,0.033302,-0.047128,0.005755,0.003359,0.000293,0.004110,0.036709,-0.003943,-0.008098,-0.000630,-0.003189,0.000134,0.006455,0.000377,0.001134,-0.087221,-0.029215,0.004009,-0.015129,-0.000578,-0.035136,0.006585,0.056302,-0.001445,0.016994,0.000535,0.286227
0.011158,-0.022100,0.068713,-0.000338,0.014069,-0.024072,0.097902,0.541574,-0.021679,-0.065565,0.018177,0.017523,0.025696,-0.023763,0.019067,-0.052958,-0.000933,-0.002400,-0.001134,0.000332,-0.003943,0.009105,0.055699,0.006042,0.012201,0.001548,0.006557,0.000176,0.004543,-0.131652,-0.032449,0.002443,0.061578,0.013866,-0.030336,0.055542,-0.029564,-0.003698,0.071192,-0.000380,-0.000056
0.378682,-0.604867,0.527293,0.023471,0.772260,0.284547,1.659456,8.035227,-0.230072,0.073656,0.893569,-0.014354,0.355549,-0.529003,0.685305,1.728506,-0.003554,-0.019172,-0.013812,0.025543,-0.008098,0.055699,2.404693,0.010398,0.057666,0.026747,0.207204,0.008958,0.009504,2.767102,-0.254816,0.412308,0.401973,0.776764,-0.008865,0.223107,-0.190889,0.156168,0.490470,0.075603,0.353453
-0.002722,-0.004904,0.080992,-0.000466,-0.020576,-0.007126,0.055314,0.132150,-0.016580,-0.043955,-0.038845,0.002647,0.032236,-0.008921,-0.006174,-0.050777,0.000360,-0.001103,-0.000185,0.000837,-0.000630,0.006042,0.010398,0.030692,0.003721,-0.001118,-0.001300,-0.000033,0.026353,-0.181525,-0.012944,-0.004599,0.060939,-0.034254,-0.007467,0.099694,-0.009115,-0.021814,0.117165,-0.002944,0.068460
0.021115,-0.005719,0.306020,0.007055,0.005642,-0.023456,0.222250,0.725015,-0.118105,-0.101405,0.012309,0.006667,0.044685,-0.029961,0.027565,-0.184295,0.003314,-0.003226,-0.000997,0.005524,-0.003189,0.012201,0.057666,0.003721,0.107917,-0.001430,0.011520,-0.000068,0.004192,-0.278421,-0.069196,0.013359,0.254352,0.024821,-0.038349,0.050983,0.001161,-0.010102,0.097481,-0.002494,0.272745
0.000146,-0.018657,0.003010,0.011530,0.074658,0.001981,0.050308,0.118976,0.003793,-0.028254,0.136300,-0.000470,0.006767,-0.018058,0.008630,-0.054673,-0.000436,-0.000053,0.000930,0.000208,0.000134,0.001548,0.026747,-0.001118,-0.001430,0.017610,0.001613,-0.000265,-0.001295,-0.077154,0.022820,-0.003601,0.028018,0.134014,0.004989,-0.003903,-0.009025,0.040290,0.007306,-0.002283,-0.000958
0.104649,0.002509,0.075741,0.001098,0.108517,0.086636,0.236640,1.121606,0.021175,0.074989,0.141322,-0.020186,0.081711,-0.036155,0.177988,0.365896,0.001893,-0.001687,-0.002519,0.011962,0.006455,0.006557,0.207204,-0.001300,0.011520,0.001613,0.046997,0.002338,0.003885,0.699270,-0.007082,0.035338,0.115284,0.109572,0.004969,0.052452,-0.005337,0.021390,0.111924,0.012164,0.146721
0.005604,0.002708,-0.001056,0.001118,0.003875,0.003785,0.012949,0.029353,0.004863,0.001833,0.004493,-0.000868,0.004787,-0.000619,0.008460,0.013684,0.000075,-0.000008,0.000475,0.000093,0.000377,0.000176,0.008958,-0.000033,-0.000068,-0.000265,0.002338,0.012612,0.000094,0.027872,0.007094,0.000285,0.004020,0.006179,0.003536,0.002287,-0.000126,0.002174,0.004803,-0.000459,0.007969
0.009065,0.008650,0.077244,-0.001571,-0.017199,0.008603,0.060862,0.192331,-0.017990,-0.034259,-0.031662,-0.001778,0.032744,-0.006248,0.015629,-0.032975,0.000973,-0.000682,-0.000510,0.001370,0.001134,0.004543,0.009504,0.026353,0.004192,-0.001295,0.003885,0.000094,0.026953,-0.141405,-0.006274,-0.003605,0.063721,-0.026839,-0.000385,0.085656,-0.000699,-0.018829,0.101417,-0.003111,0.097632
1.683725,1.009720,-1.755703,0.289513,7.458919,0.402596,4.873398,6.320279,-1.311117,13.326472,9.582940,-3.917939,1.903442,1.052970,3.651059,31.485749,0.146782,-0.004777,-0.071332,1.756010,-0.087221,-0.131652,2.767102,-0.181525,-0.278421,-0.077154,0.699270,0.027872,-0.141405,124.644003,4.349605,0.209260,3.051101,6.202041,0.049631,-0.233777,2.893158,2.782121,1.887313,0.973481,-2.161356
-0.019090,-0.003226,-0.111643,0.041099,0.439944,0.163689,-0.212745,-3.335042,0.638550,1.171117,0.288101,-0.188062,0.507796,1.118787,0.502076,2.329147,-0.017700,0.009817,-0.001986,-0.034327,-0.029215,-0.032449,-0.254816,-0.012944,-0.069196,0.022820,-0.007082,0.007094,-0.006274,4.349605,4.082646,-0.080570,-0.111919,0.223406,-0.353872,-0.145046,-0.246107,-0.019786,0.245198,0.025009,0.039591
0.069177,-0.110680,0.067260,0.004920,0.034375,0.119774,-0.150634,0.215395,0.044463,-0.021127,0.008847,0.059877,0.028322,-0.035248,0.099356,0.141553,-0.000869,-0.000284,0.001706,-0.000847,0.004009,0.002443,0.412308,-0.004599,0.013359,-0.003601,0.035338,0.000285,-0.003605,0.209260,-0.080570,0.305252,-0.086229,0.034980,-0.034929,0.016248,-0.031442,-0.018496,0.025356,-0.008917,0.091482
0.233103,-0.084362,0.998322,0.075773,1.057479,-0.026636,2.497929,5.258835,-0.318030,0.081907,1.381717,-0.074616,0.417453,-0.213387,0.462678,0.846101,0.013138,-0.017668,-0.009340,0.160760,-0.015129,0.061578,0.401973,0.060939,0.254352,0.028018,0.115284,0.004020,0.063721,3.051101,-0.111919,-0.086229,2.244701,1.208925,0.337164,0.494023,0.007927,0.359157,0.807468,-0.025410,0.828158
0.163504,-0.260280,0.009419,0.270305,3.556183,-0.076576,1.557091,1.963289,-0.172386,-0.073358,5.157820,-0.068531,0.249602,-0.209210,0.468783,-0.301008,-0.002496,0.001739,0.007103,0.232540,-0.000578,0.013866,0.776764,-0.034254,0.024821,0.134014,0.109572,0.006179,-0.026839,6.202041,0.223406,0.034980,1.208925,4.772252,0.707377,-0.125823,-0.111176,1.876064,0.170191,-0.060408,-0.084659
0.019455,-0.023470,-0.282506,0.031950,0.478637,0.013119,0.301627,-2.033550,-0.019637,0.391978,0.853579,-0.176972,-0.083420,-0.082362,-0.009900,0.576529,0.002178,0.006321,0.026538,-0.006335,-0.035136,-0.030336,-0.008865,-0.007467,-0.038349,0.004989,0.004969,0.003536,-0.000385,0.049631,-0.353872,-0.034929,0.337164,0.707377,1.395282,-0.125277,0.175695,0.511056,-0.149681,-0.045275,-0.390507
0.147101,0.034965,0.669412,-0.007776,-0.051627,0.011552,0.541241,1.510551,-0.034138,-0.195181,-0.106712,0.008145,0.331674,-0.055009,0.204593,0.076297,0.005412,-0.011032,-0.002495,0.013355,0.006585,0.055542,0.223107,0.099694,0.050983,-0.003903,0.052452,0.002287,0.085656,-0.233777,-0.145046,0.016248,0.494023,-0.125823,-0.125277,1.065773,-0.036077,-0.090297,1.131055,-0.017445,0.522991
0.042828,0.312694,0.052934,0.005379,-0.077808,0.238700,-0.088046,-1.466222,-0.225632,0.423411,-0.054762,-0.219071,-0.036057,-0.018919,-0.008895,0.469555,0.027602,0.010580,0.005092,0.040797,0.056302,-0.029564,-0.190889,-0.009115,0.001161,-0.009025,-0.005337,-0.000126,-0.000699,2.893158,-0.246107,-0.031442,0.007927,-0.111176,0.175695,-0.036077,0.437499,0.017981,-0.029043,0.005963,0.637280
0.018160,-0.003333,-0.069948,0.106439,1.631769,-0.094227,0.356145,-1.000103,-0.268030,-0.091772,2.433286,-0.015393,0.020876,-0.074155,0.081316,-0.337511,0.001481,0.005483,0.017349,0.103324,-0.001445,-0.003698,0.156168,-0.021814,-0.010102,0.040290,0.021390,0.002174,-0.018829,2.782121,-0.019786,-0.018496,0.359157,1.876064,0.511056,-0.090297,0.017981,1.082714,-0.007070,-0.035190,-0.165013
0.277687,0.053562,0.955310,0.019622,0.293225,0.157759,1.052782,3.079116,-0.009959,0.056465,0.329311,-0.082830,0.554808,-0.037843,0.503490,0.918375,0.011633,-0.013988,0.005178,0.044229,0.016994,0.071192,0.490470,0.117165,0.097481,0.007306,0.111924,0.004803,0.101417,1.887313,0.245198,0.025356,0.807468,0.170191,-0.149681,1.131055,-0.029043,-0.007070,1.430683,0.000657,0.904580
0.019457,-0.009259,-0.009616,-0.004682,-0.050271,-0.008494,0.059681,0.490369,-0.033407,0.127044,-0.072815,-0.067974,0.020147,0.002307,0.042701,0.448906,0.001194,-0.000788,-0.002997,-0.003470,0.000535,-0.000380,0.075603,-0.002944,-0.002494,-0.002283,0.012164,-0.000459,-0.003111,0.973481,0.025009,-0.008917,-0.025410,-0.060408,-0.045275,-0.017445,0.005963,-0.035190,0.000657,0.094217,0.007859
0.420026,0.758402,1.800870,0.012136,0.051204,1.696142,0.923157,1.104398,-0.325852,-0.548530,-0.143481,-0.433082,0.490952,-0.190702,0.652141,-0.944533,0.077577,0.027195,0.004981,0.024479,0.286227,-0.000056,0.353453,0.068460,0.272745,-0.000958,0.146721,0.007969,0.097632,-2.161356,0.039591,0.091482,0.828158,-0.084659,-0.390507,0.522991,0.637280,-0.165013,0.904580,0.007859,5.214178
