0.193159,0.050001,0.079476,0.000006,0.101833,0.114627,0.231752,0.807492,0.086920,0.124995,0.133513,-0.024240,0.092883,-0.030730,0.191609,0.461301,0.003313,-0.001805,-0.004625,0.011614,0.013554,0.005533,0.213108,0.001281,0.010076,0.001364,0.053922,0.004388,0.002921,0.828997,-0.018785,0.052739,0.107054,0.053894,-0.007673,0.092666,0.010174,0.011237,0.167385,0.006586,0.194196
0.050001,0.496696,0.030666,-0.004123,-0.149316,0.105679,-0.185376,-0.996626,0.071610,0.172758,-0.100814,-0.004687,-0.012921,0.079318,0.029500,0.143002,0.010093,0.005621,-0.001606,0.019360,0.043056,-0.010663,-0.331079,-0.003309,-0.004563,-0.005290,0.003993,0.003201,-0.001321,0.223706,-0.087959,-0.055924,-0.039634,-0.073290,-0.005775,0.012449,0.097880,0.014988,0.050450,-0.003810,0.295122
0.079476,0.030666,1.349662,-0.004504,-0.007811,-0.024084,0.628527,0.854427,-0.143571,-0.146876,-0.100069,-0.024183,0.184977,-0.067716,0.098461,-0.162475,0.009386,-0.007329,-0.000202,-0.007502,0.007276,0.037988,0.025874,0.040844,0.130603,-0.004686,0.026497,0.006210,0.035048,-0.542471,-0.117962,0.001890,0.525049,-0.096288,-0.140487,0.374259,0.014377,-0.011905,0.475656,-0.012648,0.717028
0.000006,-0.004123,-0.004504,0.026980,0.070260,0.002634,0.037900,-0.007836,0.026724,0.000287,0.121221,0.000168,0.006552,-0.003535,0.009907,-0.014574,0.000018,0.000309,0.002534,0.002267,-0.000566,-0.000432,0.017160,-0.000472,0.002806,0.002403,-0.000071,-0.000009,-0.000449,0.072344,0.006334,-0.002283,0.021784,0.120974,0.012364,-0.003402,0.001502,0.040161,-0.001108,-0.000433,0.001043
0.101833,-0.149316,-0.007811,0.070260,3.012385,0.035857,1.239154,1.411695,0.246259,0.186699,2.278066,-0.068841,0.167057,-0.097870,0.294649,0.406077,0.000685,-0.000176,0.008268,0.058120,0.008307,0.007393,0.521027,-0.007912,0.017356,0.024520,0.062982,0.005883,-0.005889,3.368744,0.400408,-0.004771,0.426171,1.957618,0.335770,0.028272,-0.034470,0.814891,0.203751,-0.022023,-0.076919
0.114627,0.105679,-0.024084,0.002634,0.035857,0.828412,-0.009607,-0.184868,0.530123,0.058017,-0.011079,-0.091379,0.073613,0.014279,0.144146,0.223815,0.007582,0.008410,-0.000950,-0.002516,0.037214,-0.009283,0.059515,-0.001953,-0.005846,-0.001955,0.038730,0.000637,-0.001051,0.706449,0.089802,0.051604,0.003696,-0.000341,0.027486,-0.001135,0.089516,-0.022629,0.092490,-0.003935,0.872750
0.231752,-0.185376,0.628527,0.037900,1.239154,-0.009607,3.693150,6.328321,-0.035500,0.157925,1.193452,-0.064808,0.396263,-0.259871,0.464604,1.144441,0.004365,-0.015345,-0.005546,0.076290,-0.001420,0.053479,0.723932,0.013377,0.122260,0.015603,0.123194,0.005762,0.022407,2.845638,0.054464,-0.094979,1.253895,0.892925,0.061948,0.369763,-0.035001,0.262209,0.648863,0.010498,0.395085
0.807492,-0.996626,0.854427,-0.007836,1.411695,-0.184868,6.328321,56.286091,-2.065027,-0.993128,1.053750,0.247438,1.054243,-1.342610,1.617636,1.839029,-0.013305,-0.081404,-0.032334,0.118024,-0.056768,0.272518,3.968464,0.030448,0.338196,0.047402,0.564693,0.004294,0.081611,1.770769,-1.188726,0.091486,3.055594,0.884906,-1.398721,0.521659,-0.583764,-0.453654,1.627137,0.138219,0.752948
0.086920,0.071610,-0.143571,0.026724,0.246259,0.530123,-0.035500,-2.065027,2.687781,0.329916,0.306299,-0.003643,0.148037,0.176211,0.205473,1.347190,-0.007895,0.005877,-0.007861,-0.005348,0.009954,-0.018154,-0.152347,-0.010174,-0.036974,0.004194,0.020135,0.002046,-0.006492,1.804786,0.440952,0.001938,-0.041601,0.099630,0.047908,-0.058311,-0.114739,-0.016999,0.074366,-0.005850,-0.116792
0.124995,0.172758,-0.146876,0.000287,0.186699,0.058017,0.157925,-0.993128,0.329916,1.906893,0.142047,-0.273342,0.128296,0.204706,0.239155,2.767816,0.007621,0.001623,-0.004102,0.049281,-0.015611,-0.031337,-0.037255,-0.017836,-0.029648,-0.009522,0.035885,0.000399,-0.006791,5.920897,0.551449,-0.032750,0.084641,0.017345,0.207503,-0.049841,0.211483,-0.057516,0.079191,0.043602,-0.132511
0.133513,-0.100814,-0.100069,0.121221,2.278066,-0.011079,1.193452,1.053750,0.306299,0.142047,4.978613,-0.039238,0.213600,-0.039101,0.307480,0.374266,0.000279,0.001083,0.008199,0.138297,-0.000443,0.010692,0.549867,-0.006295,0.041741,0.026657,0.089092,0.007139,-0.007287,4.384556,0.355628,-0.014819,0.529420,2.509023,0.340034,0.033027,-0.024291,1.231847,0.285516,-0.019898,-0.201885
-0.024240,-0.004687,-0.024183,0.000168,-0.068841,-0.091379,-0.064808,0.247438,-0.003643,-0.273342,-0.039238,0.391398,-0.026749,-0.027181,-0.023182,-0.449897,-0.004152,-0.001438,-0.000975,0.004613,-0.004532,0.007376,0.009295,-0.003143,0.001556,0.000984,-0.007558,0.000681,0.001524,-1.946394,-0.143752,0.015266,0.003812,-0.069103,-0.114211,0.007678,-0.108349,0.000183,-0.029086,-0.022861,-0.169269
0.092883,-0.012921,0.184977,0.006552,0.167057,0.073613,0.396263,1.054243,0.148037,0.128296,0.213600,-0.026749,0.246302,0.024147,0.212889,0.575836,0.001976,-0.002509,-0.003438,0.009085,0.007505,0.012554,0.222660,0.015672,0.021126,0.001420,0.043249,0.002165,0.014586,0.983398,0.254262,0.027198,0.208247,0.100517,-0.026091,0.179153,-0.033042,0.023309,0.279498,0.009793,0.162583
-0.030730,0.079318,-0.067716,-0.003535,-0.097870,0.014279,-0.259871,-1.342610,0.176211,0.204706,-0.039101,-0.027181,0.024147,0.405706,-0.008398,0.216471,-0.002951,0.003324,0.000782,-0.004523,-0.003619,-0.011838,-0.281456,-0.003445,-0.013143,-0.006153,-0.015359,0.003210,-0.005090,0.484103,0.539827,-0.026857,-0.114616,-0.102977,0.004115,-0.036085,-0.028488,-0.031289,-0.025524,0.006281,-0.030463
0.191609,0.029500,0.098461,0.009907,0.294649,0.144146,0.464604,1.617636,0.205473,0.239155,0.307480,-0.023182,0.212889,-0.008398,0.513100,0.957208,0.002541,-0.002599,-0.002169,0.013885,0.015000,0.005649,0.396433,0.001464,0.013318,0.003920,0.080692,0.003638,0.005760,1.826566,0.144080,0.082419,0.230429,0.168732,0.037114,0.117843,-0.022767,0.059730,0.256336,0.010051,0.236207
0.461301,0.143002,-0.162475,-0.014574,0.406077,0.223815,1.144441,1.839029,1.347190,2.767816,0.374266,-0.449897,0.575836,0.216471,0.957208,12.715319,0.008917,-0.005722,-0.024354,0.156808,-0.038407,-0.030011,0.738835,-0.028659,-0.060825,-0.027299,0.177464,0.012535,0.001626,15.549943,1.115678,0.038571,0.481258,0.122243,0.162776,0.022493,0.156985,-0.082375,0.475375,0.208107,-0.256949
0.003313,0.010093,0.009386,0.000018,0.000685,0.007582,0.004365,-0.013305,-0.007895,0.007621,0.000279,-0.004152,0.001976,-0.002951,0.002541,0.008917,0.001441,0.000192,0.000110,0.001328,0.003413,-0.000355,-0.000777,0.000106,0.001912,-0.000273,0.000993,-0.000080,0.000038,0.064042,-0.007987,0.000646,0.005448,0.000337,0.001619,0.002857,0.010022,0.002298,0.006257,0.000020,0.025513
-0.001805,0.005621,-0.007329,0.000309,-0.000176,0.008410,-0.015345,-0.081404,0.005877,0.001623,0.001083,-0.001438,-0.002509,0.003324,-0.002599,-0.005722,0.000192,0.000643,0.000296,0.000254,0.002159,-0.001075,-0.009717,-0.000322,-0.001390,-0.000007,-0.001048,-0.000203,-0.000370,-0.003047,0.003923,-0.000660,-0.007124,0.002801,0.004520,-0.003964,0.003054,0.002814,-0.006208,-0.000274,0.012300
-0.004625,-0.001606,-0.000202,0.002534,0.008268,-0.000950,-0.005546,-0.032334,-0.007861,-0.004102,0.008199,-0.000975,-0.003438,0.000782,-0.002169,-0.024354,0.000110,0.000296,0.011754,-0.000667,-0.000159,-0.000324,-0.001714,-0.000230,0.001489,-0.000102,-0.002010,0.000412,-0.000234,0.014374,-0.003122,-0.000612,0.000677,0.017240,0.006768,-0.003092,0.001091,0.013901,-0.005967,-0.000212,0.003964
0.011614,0.019360,-0.007502,0.002267,0.058120,-0.002516,0.076290,0.118024,-0.005348,0.049281,0.138297,0.004613,0.009085,-0.004523,0.013885,0.156808,0.001328,0.000254,-0.000667,0.075143,0.001717,-0.000484,-0.001247,-0.001303,0.004787,-0.000441,0.004906,0.000383,-0.000834,0.838769,-0.021737,-0.003158,0.064689,0.109131,-0.018190,0.001374,0.030401,0.064783,0.008681,-0.002070,-0.002945
0.013554,0.043056,0.007276,-0.000566,0.008307,0.037214,-0.001420,-0.056768,0.009954,-0.015611,-0.000443,-0.004532,0.007505,-0.003619,0.015000,-0.038407,0.003413,0.002159,-0.000159,0.001717,0.035056,-0.002727,-0.008470,-0.000638,-0.000604,-0.000233,0.005375,0.000349,-0.000443,-0.023322,-0.003300,0.004013,-0.007841,0.005525,-0.008481,0.000885,0.009186,-0.003468,0.013673,-0.000386,0.103093
0.005533,-0.010663,0.037988,-0.000432,0.007393,-0.009283,0.053479,0.272518,-0.018154,-0.031337,0.010692,0.007376,0.012554,-0.011838,0.005649,-0.030011,-0.000355,-0.001075,-0.000324,-0.000484,-0.002727,0.006947,0.027956,0.002981,0.004539,0.000360,0.004164,0.000830,0.002452,-0.084483,-0.015681,0.000201,0.032380,0.001080,-0.019418,0.033693,-0.011376,-0.000962,0.037764,-0.000205,0.001076
0.213108,-0.331079,0.025874,0.017160,0.521027,0.059515,0.723932,3.968464,-0.152347,-0.037255,0.549867,0.009295,0.222660,-0.281456,0.396433,0.738835,-0.000777,-0.009717,-0.001714,-0.001247,-0.008470,0.027956,1.904893,-0.001420,0.048284,0.018110,0.114775,0.000455,0.003850,1.728898,-0.172365,0.286810,0.252170,0.420357,-0.024415,0.138350,-0.072335,0.086517,0.264361,0.018227,0.129198
0.001281,-0.003309,0.040844,-0.000472,-0.007912,-0.001953,0.013377,0.030448,-0.010174,-0.017836,-0.006295,-0.003143,0.015672,-0.003445,0.001464,-0.028659,0.000106,-0.000322,-0.000230,-0.001303,-0.000638,0.002981,-0.001420,0.021720,-0.000948,-0.000315,-0.000277,0.000957,0.010224,-0.046477,-0.008017,-0.001183,0.016495,-0.008753,-0.009891,0.047516,-0.003648,-0.008938,0.058902,-0.000900,0.018385
0.010076,-0.004563,0.130603,0.002806,0.017356,-0.005846,0.122260,0.338196,-0.036974,-0.029648,0.041741,0.001556,0.021126,-0.013143,0.013318,-0.060825,0.001912,-0.001390,0.001489,0.004787,-0.000604,0.004539,0.048284,-0.000948,0.086047,-0.001258,0.005540,0.001236,-0.000241,0.011948,-0.024537,0.010446,0.079745,0.025783,-0.020452,0.019974,0.007575,0.006455,0.052326,-0.004013,0.142605
0.001364,-0.005290,-0.004686,0.002403,0.024520,-0.001955,0.015603,0.047402,0.004194,-0.009522,0.026657,0.000984,0.001420,-0.006153,0.003920,-0.027299,-0.000273,-0.000007,-0.000102,-0.000441,-0.000233,0.000360,0.018110,-0.000315,-0.001258,0.010397,0.000985,-0.000268,-0.000167,-0.086954,0.004923,-0.001028,0.009660,0.032631,0.001763,0.000624,-0.004218,0.008191,0.000355,-0.000235,-0.005374
0.053922,0.003993,0.026497,-0.000071,0.062982,0.038730,0.123194,0.564693,0.020135,0.035885,0.089092,-0.007558,0.043249,-0.015359,0.080692,0.177464,0.000993,-0.001048,-0.002010,0.004906,0.005375,0.004164,0.114775,-0.000277,0.005540,0.000985,0.036509,0.001072,0.001386,0.333625,0.007749,0.014501,0.058847,0.051400,-0.001899,0.034979,-0.008387,0.015439,0.072216,0.003589,0.055504
0.004388,0.003201,0.006210,-0.000009,0.005883,0.000637,0.005762,0.004294,0.002046,0.000399,0.007139,0.000681,0.002165,0.003210,0.003638,0.012535,-0.000080,-0.000203,0.000412,0.000383,0.000349,0.000830,0.000455,0.000957,0.001236,-0.000268,0.001072,0.017048,0.000325,0.014400,0.003291,0.000451,0.005771,0.000020,-0.009153,0.007695,-0.004141,-0.001858,0.006881,0.000196,0.007866
0.002921,-0.001321,0.035048,-0.000449,-0.005889,-0.001051,0.022407,0.081611,-0.006492,-0.006791,-0.007287,0.001524,0.014586,-0.005090,0.005760,0.001626,0.000038,-0.000370,-0.000234,-0.000834,-0.000443,0.002452,0.003850,0.010224,-0.000241,-0.000167,0.001386,0.000325,0.016734,-0.035352,-0.004859,-0.001269,0.029333,-0.005445,-0.007033,0.031356,-0.004298,-0.007099,0.050926,-0.000505,0.019957
0.828997,0.223706,-0.542471,0.072344,3.368744,0.706449,2.845638,1.770769,1.804786,5.920897,4.384556,-1.946394,0.983398,0.484103,1.826566,15.549943,0.064042,-0.003047,0.014374,0.838769,-0.023322,-0.084483,1.728898,-0.046477,0.011948,-0.086954,0.333625,0.014400,-0.035352,87.889030,2.153837,-0.117106,1.252685,3.684043,0.421295,0.253033,1.399839,1.589341,1.153925,0.230342,-0.378501
-0.018785,-0.087959,-0.117962,0.006334,0.400408,0.089802,0.054464,-1.188726,0.440952,0.551449,0.355628,-0.143752,0.254262,0.539827,0.144080,1.115678,-0.007987,0.003923,-0.003122,-0.021737,-0.003300,-0.015681,-0.172365,-0.008017,-0.024537,0.004923,0.007749,0.003291,-0.004859,2.153837,2.562650,-0.059685,-0.036141,0.400885,0.050035,-0.037135,-0.123000,0.051556,0.102529,0.027892,-0.070511
0.052739,-0.055924,0.001890,-0.002283,-0.004771,0.051604,-0.094979,0.091486,0.001938,-0.032750,-0.014819,0.015266,0.027198,-0.026857,0.082419,0.038571,0.000646,-0.000660,-0.000612,-0.003158,0.004013,0.000201,0.286810,-0.001183,0.010446,-0.001028,0.014501,0.000451,-0.001269,-0.117106,-0.059685,0.296318,-0.045995,-0.011532,0.001419,0.000317,-0.024283,-0.005886,0.017105,-0.001783,0.135037
0.107054,-0.039634,0.525049,0.021784,0.426171,0.003696,1.253895,3.055594,-0.041601,0.084641,0.529420,0.003812,0.208247,-0.114616,0.230429,0.481258,0.005448,-0.007124,0.000677,0.064689,-0.007841,0.032380,0.252170,0.016495,0.079745,0.009660,0.058847,0.005771,0.029333,1.252685,-0.036141,-0.045995,1.473333,0.275056,0.106954,0.247179,0.011041,0.152254,0.345626,-0.015849,0.334319
0.053894,-0.073290,-0.096288,0.120974,1.957618,-0.000341,0.892925,0.884906,0.099630,0.017345,2.509023,-0.069103,0.100517,-0.102977,0.168732,0.122243,0.000337,0.002801,0.017240,0.109131,0.005525,0.001080,0.420357,-0.008753,0.025783,0.032631,0.051400,0.000020,-0.005445,3.684043,0.400885,-0.011532,0.275056,3.458120,0.306407,-0.029553,0.004119,0.930271,0.133051,-0.019173,-0.116209
-0.007673,-0.005775,-0.140487,0.012364,0.335770,0.027486,0.061948,-1.398721,0.047908,0.207503,0.340034,-0.114211,-0.026091,0.004115,0.037114,0.162776,0.001619,0.004520,0.006768,-0.018190,-0.008481,-0.019418,-0.024415,-0.009891,-0.020452,0.001763,-0.001899,-0.009153,-0.007033,0.421295,0.050035,0.001419,0.106954,0.306407,1.028454,-0.072075,0.099383,0.254339,-0.099787,-0.020886,-0.124840
0.092666,0.012449,0.374259,-0.003402,0.028272,-0.001135,0.369763,0.521659,-0.058311,-0.049841,0.033027,0.007678,0.179153,-0.036085,0.117843,0.022493,0.002857,-0.003964,-0.003092,0.001374,0.000885,0.033693,0.138350,0.047516,0.019974,0.000624,0.034979,0.007695,0.031356,0.253033,-0.037135,0.000317,0.247179,-0.029553,-0.072075,0.772952,-0.001062,-0.012915,0.529347,-0.003121,0.239672
0.010174,0.097880,0.014377,0.001502,-0.034470,0.089516,-0.035001,-0.583764,-0.114739,0.211483,-0.024291,-0.108349,-0.033042,-0.028488,-0.022767,0.156985,0.010022,0.003054,0.001091,0.030401,0.009186,-0.011376,-0.072335,-0.003648,0.007575,-0.004218,-0.008387,-0.004141,-0.004298,1.399839,-0.123000,-0.024283,0.011041,0.004119,0.099383,-0.001062,0.272656,0.034888,-0.017714,-0.000496,0.222520
0.011237,0.014988,-0.011905,0.040161,0.814891,-0.022629,0.262209,-0.453654,-0.016999,-0.057516,1.231847,0.000183,0.023309,-0.031289,0.059730,-0.082375,0.002298,0.002814,0.013901,0.064783,-0.003468,-0.000962,0.086517,-0.008938,0.006455,0.008191,0.015439,-0.001858,-0.007099,1.589341,0.051556,-0.005886,0.152254,0.930271,0.254339,-0.012915,0.034888,0.808267,0.005844,-0.007438,-0.082975
0.167385,0.050450,0.475656,-0.001108,0.203751,0.092490,0.648863,1.627137,0.074366,0.079191,0.285516,-0.029086,0.279498,-0.025524,0.256336,0.475375,0.006257,-0.006208,-0.005967,0.008681,0.013673,0.037764,0.264361,0.058902,0.052326,0.000355,0.072216,0.006881,0.050926,1.153925,0.102529,0.017105,0.345626,0.133051,-0.099787,0.529347,-0.017714,0.005844,1.027784,0.004198,0.464561
0.006586,-0.003810,-0.012648,-0.000433,-0.022023,-0.003935,0.010498,0.138219,-0.005850,0.043602,-0.019898,-0.022861,0.009793,0.006281,0.010051,0.208107,0.000020,-0.000274,-0.000212,-0.002070,-0.000386,-0.000205,0.018227,-0.000900,-0.004013,-0.000235,0.003589,0.000196,-0.000505,0.230342,0.027892,-0.001783,-0.015849,-0.019173,-0.020886,-0.003121,-0.000496,-0.007438,0.004198,0.056614,-0.009386
0.194196,0.295122,0.717028,0.001043,-0.076919,0.872750,0.395085,0.752948,-0.116792,-0.132511,-0.201885,-0.169269,0.162583,-0.030463,0.236207,-0.256949,0.025513,0.012300,0.003964,-0.002945,0.103093,0.001076,0.129198,0.018385,0.142605,-0.005374,0.055504,0.007866,0.019957,-0.378501,-0.070511,0.135037,0.334319,-0.116209,-0.124840,0.239672,0.222520,-0.082975,0.464561,-0.009386,3.162588
