0.278409,0.100350,0.147107,0.004474,0.193846,0.236168,0.507432,1.942140,0.181437,0.229479,0.261488,-0.049516,0.197416,-0.050351,0.428976,0.908322,0.007664,-0.002486,-0.006891,0.017808,0.023599,0.011670,0.367811,-0.000595,0.021694,0.001921,0.109089,0.005067,0.006660,1.546594,-0.044551,0.076056,0.255826,0.100529,-0.001996,0.156527,0.053342,0.017549,0.315934,0.012947,0.386713
0.100350,0.628663,0.074929,-0.020548,-0.306294,0.262614,-0.418182,-2.021215,0.151782,0.280717,-0.229336,-0.097250,0.020971,0.173024,0.076565,0.319191,0.019185,0.011071,-0.005583,0.040049,0.059715,-0.023390,-0.671898,-0.006855,-0.000541,-0.012579,0.005840,0.002227,-0.002272,0.800904,-0.117727,-0.081217,-0.087753,-0.342316,-0.028095,0.022259,0.279815,-0.061005,0.047535,-0.004226,0.637112
0.147107,0.074929,1.674953,0.007960,0.066124,-0.039914,0.908460,1.577004,-0.280468,-0.265697,0.028005,-0.043703,0.356013,-0.110524,0.216693,-0.390160,0.022734,-0.013890,0.002663,-0.024206,0.012133,0.068981,0.254549,0.072998,0.247193,-0.004028,0.051789,0.007790,0.064711,-1.495149,-0.188419,0.053260,1.011418,-0.057787,-0.237691,0.611993,0.033165,-0.015911,0.929013,-0.041470,1.319376
0.004474,-0.020548,0.007960,0.043095,0.246807,0.018447,0.120921,-0.095068,0.080414,0.025188,0.326407,-0.011299,0.014434,-0.007541,0.020363,0.077355,0.000228,0.000579,0.009380,0.003494,0.000556,-0.000226,0.051222,-0.001189,0.010061,0.003688,0.002401,-0.000602,-0.000932,0.381723,0.031110,-0.009070,0.070159,0.268836,0.025073,0.003553,0.004064,0.131017,0.014340,-0.001516,-0.002678
0.193846,-0.306294,0.066124,0.246807,3.943334,0.112205,1.924403,1.964994,0.509165,0.297681,4.380616,-0.106653,0.339039,-0.099051,0.555872,0.907753,0.001326,-0.000113,0.015960,0.165397,0.018825,0.015963,0.851141,-0.024291,0.075260,0.048011,0.112366,0.001029,-0.011642,6.574509,0.661343,-0.118768,1.150342,3.597966,0.473200,0.084840,-0.042338,1.615176,0.361092,-0.061072,-0.041811
0.236168,0.262614,-0.039914,0.018447,0.112205,0.991019,0.046607,-0.278477,0.752240,0.110754,0.031246,-0.191901,0.177187,0.022163,0.372327,0.607675,0.017015,0.012097,-0.002162,-0.001331,0.057854,-0.018784,0.167232,-0.007813,0.003938,-0.000319,0.072596,0.003347,-0.002472,0.702940,0.204706,0.175453,-0.046249,-0.112837,0.011816,0.008513,0.187545,-0.062178,0.144165,0.000745,1.371524
0.507432,-0.418182,0.908460,0.120921,1.924403,0.046607,4.829336,11.439569,0.420619,0.371463,1.890283,-0.129517,0.677824,-0.483662,1.018996,2.632121,0.008813,-0.030795,-0.006891,0.111289,-0.021296,0.100970,1.581693,0.041474,0.205363,0.032557,0.245127,0.001575,0.055622,4.820482,-0.007624,-0.220308,2.621036,1.452068,0.137022,0.534426,-0.106490,0.432704,1.140519,0.024770,0.658139
1.942140,-2.021215,1.577004,-0.095068,1.964994,-0.278477,11.439569,75.934818,-4.033823,-1.878384,1.956217,0.436981,2.021981,-2.500053,3.644551,3.914199,-0.017892,-0.181678,-0.145547,0.147438,-0.138183,0.542295,8.764339,0.103689,0.821870,0.103872,1.180752,0.065345,0.192697,4.183854,-2.190673,0.555398,5.561173,1.475260,-2.394490,1.286741,-1.343607,-0.939724,3.355503,0.246818,1.938783
0.181437,0.151782,-0.280468,0.080414,0.509165,0.752240,0.420619,-4.033823,3.349977,0.656475,0.567101,-0.035302,0.204988,0.400344,0.422420,2.864474,-0.017213,0.011323,-0.016600,-0.011773,0.008797,-0.025484,-0.373092,-0.018682,-0.087952,-0.002713,0.024654,0.002485,-0.009982,2.913197,1.034337,-0.006778,-0.232806,0.169560,0.012775,-0.069068,-0.180680,-0.060527,0.050091,-0.027526,-0.280248
0.229479,0.280717,-0.265697,0.025188,0.297681,0.110754,0.371463,-1.878384,0.656475,2.656880,0.274726,-0.611363,0.256821,0.365042,0.500563,5.581895,0.018311,0.004163,-0.013185,0.140674,-0.015652,-0.059179,0.115312,-0.025912,-0.061429,-0.024104,0.081857,0.000735,-0.013465,13.748110,0.988525,-0.094213,0.186978,0.056001,0.324740,-0.054731,0.391608,-0.063495,0.175611,0.116366,-0.258493
0.261488,-0.229336,0.028005,0.326407,4.380616,0.031246,1.890283,1.956217,0.567101,0.274726,6.430303,-0.041820,0.374006,-0.162805,0.659102,0.670126,0.000842,0.001323,0.014512,0.236089,0.008620,0.025652,0.937505,-0.027076,0.073595,0.064002,0.146921,0.011220,-0.012342,7.721122,0.549873,-0.117637,1.308455,4.527230,0.508188,0.176061,-0.060346,2.223744,0.486594,-0.070259,-0.146518
-0.049516,-0.097250,-0.043703,-0.011299,-0.106653,-0.191901,-0.129517,0.436981,-0.035302,-0.611363,-0.041820,0.489388,-0.071699,-0.061110,-0.095987,-0.852825,-0.012248,-0.003076,-0.001702,0.002108,-0.004347,0.016379,0.008416,-0.000813,-0.014289,0.004560,-0.010770,-0.000492,0.000850,-3.171637,-0.178284,0.063077,-0.017435,-0.006038,-0.246585,-0.007023,-0.190229,-0.012690,-0.072364,-0.043358,-0.325674
0.197416,0.020971,0.356013,0.014434,0.339039,0.177187,0.677824,2.021981,0.204988,0.256821,0.374006,-0.071699,0.330931,0.071914,0.416839,1.012221,0.005558,-0.004990,-0.005948,0.011609,0.012768,0.024930,0.354708,0.033974,0.036728,0.003347,0.086248,0.007893,0.029485,1.717664,0.483424,0.030093,0.403217,0.204368,-0.067430,0.320249,-0.037128,0.042441,0.574491,0.014457,0.494591
-0.050351,0.173024,-0.110524,-0.007541,-0.099051,0.022163,-0.483662,-2.500053,0.400344,0.365042,-0.162805,-0.061110,0.071914,0.507149,0.020939,0.498338,-0.003787,0.006712,-0.002008,-0.010692,0.005378,-0.024283,-0.502108,-0.007153,-0.029075,-0.008439,-0.030740,0.003443,-0.006910,1.130212,1.060418,-0.044897,-0.209823,-0.166701,0.010897,-0.053637,-0.024739,-0.069636,-0.018220,0.010635,-0.065522
0.428976,0.076565,0.216693,0.020363,0.555872,0.372327,1.018996,3.644551,0.422420,0.500563,0.659102,-0.095987,0.416839,0.020939,0.787154,1.900577,0.007952,-0.005296,-0.011006,0.028286,0.027034,0.020231,0.688375,-0.001203,0.026007,0.007061,0.182306,0.008701,0.012440,3.417792,0.456562,0.111142,0.483187,0.376545,0.006738,0.222165,0.000702,0.096672,0.561011,0.028180,0.554327
0.908322,0.319191,-0.390160,0.077355,0.907753,0.607675,2.632121,3.914199,2.864474,5.581895,0.670126,-0.852825,1.012221,0.498338,1.900577,16.548256,0.017714,-0.011677,-0.036599,0.261808,-0.069202,-0.046955,1.546339,-0.053184,-0.113361,-0.047847,0.368435,0.007192,-0.009783,30.250819,2.306121,0.004069,0.890522,0.054069,0.461867,0.135709,0.365191,-0.216429,0.983996,0.378134,-0.613555
0.007664,0.019185,0.022734,0.000228,0.001326,0.017015,0.008813,-0.017892,-0.017213,0.018311,0.000842,-0.012248,0.005558,-0.003787,0.007952,0.017714,0.002010,0.000411,0.000049,0.003226,0.004768,-0.000727,-0.005108,0.000464,0.003752,-0.000466,0.002025,0.000154,0.000433,0.129236,-0.016366,0.000057,0.016361,-0.002421,0.003224,0.006079,0.024367,0.001740,0.012901,0.000339,0.062358
-0.002486,0.011071,-0.013890,0.000579,-0.000113,0.012097,-0.030795,-0.181678,0.011323,0.004163,0.001323,-0.003076,-0.004990,0.006712,-0.005296,-0.011677,0.000411,0.000880,0.000387,0.000269,0.003052,-0.002362,-0.024276,-0.001001,-0.002710,-0.000218,-0.002079,-0.000259,-0.000958,-0.002605,0.006955,-0.000887,-0.017228,0.000859,0.007701,-0.008717,0.009039,0.005156,-0.013759,-0.000431,0.014396
-0.006891,-0.005583,0.002663,0.009380,0.015960,-0.002162,-0.006891,-0.145547,-0.016600,-0.013185,0.014512,-0.001702,-0.005948,-0.002008,-0.011006,-0.036599,0.000049,0.000387,0.012865,-0.001075,-0.000330,-0.000832,-0.006554,-0.000258,0.002393,-0.000132,-0.003025,-0.000083,-0.000154,-0.031118,-0.005063,-0.001894,0.000426,0.025542,0.026690,-0.001629,0.003447,0.025800,-0.007581,-0.000845,-0.003333
0.017808,0.040049,-0.024206,0.003494,0.165397,-0.001331,0.111289,0.147438,-0.011773,0.140674,0.236089,0.002108,0.011609,-0.010692,0.028286,0.261808,0.003226,0.000269,-0.001075,0.087991,0.005190,-0.001078,0.005719,-0.002370,0.005903,-0.000965,0.009993,0.001085,-0.001391,1.709542,-0.055235,-0.015700,0.102109,0.200289,-0.046798,0.000376,0.050392,0.093537,0.021445,-0.003128,0.002092
0.023599,0.059715,0.012133,0.000556,0.018825,0.057854,-0.021296,-0.138183,0.008797,-0.015652,0.008620,-0.004347,0.012768,0.005378,0.027034,-0.069202,0.004768,0.003052,-0.000330,0.005190,0.038364,-0.005674,-0.051841,-0.000915,-0.004477,0.000086,0.005484,-0.000247,-0.000814,-0.060221,-0.007527,-0.003640,-0.008548,0.012105,-0.027538,-0.001420,0.055899,0.003932,0.009476,-0.001465,0.169685
0.011670,-0.023390,0.068981,-0.000226,0.015963,-0.018784,0.100970,0.542295,-0.025484,-0.059179,0.025652,0.016379,0.024930,-0.024283,0.020231,-0.046955,-0.000727,-0.002362,-0.000832,-0.001078,-0.005674,0.009753,0.064917,0.006139,0.011074,0.001110,0.007016,0.001165,0.004684,-0.176519,-0.031868,0.002390,0.060366,0.012038,-0.034287,0.054634,-0.029081,-0.001694,0.075835,-0.001152,0.007857
0.367811,-0.671898,0.254549,0.051222,0.851141,0.167232,1.581693,8.764339,-0.373092,0.115312,0.937505,0.008416,0.354708,-0.502108,0.688375,1.546339,-0.005108,-0.024276,-0.006554,0.005719,-0.051841,0.064917,2.531609,0.007639,0.079992,0.030570,0.220813,0.007204,0.017399,2.800317,-0.327126,0.537599,0.570021,0.785802,-0.068490,0.265332,-0.222554,0.196762,0.557809,0.040817,0.225453
-0.000595,-0.006855,0.072998,-0.001189,-0.024291,-0.007813,0.041474,0.103689,-0.018682,-0.025912,-0.027076,-0.000813,0.033974,-0.007153,-0.001203,-0.053184,0.000464,-0.001001,-0.000258,-0.002370,-0.000915,0.006139,0.007639,0.031869,-0.004711,-0.000356,-0.001143,0.000755,0.023170,-0.198238,-0.013769,-0.005268,0.046583,-0.032880,-0.015715,0.101701,-0.010880,-0.016536,0.127885,-0.002290,0.058700
0.021694,-0.000541,0.247193,0.010061,0.075260,0.003938,0.205363,0.821870,-0.087952,-0.061429,0.073595,-0.014289,0.036728,-0.029075,0.026007,-0.113361,0.003752,-0.002710,0.002393,0.005903,-0.004477,0.011074,0.079992,-0.004711,0.110338,-0.001058,0.011464,0.001819,-0.002729,-0.043996,-0.080341,0.018371,0.227383,0.079234,-0.041058,0.029063,0.013904,0.023596,0.076851,-0.005553,0.269727
0.001921,-0.012579,-0.004028,0.003688,0.048011,-0.000319,0.032557,0.103872,-0.002713,-0.024104,0.064002,0.004560,0.003347,-0.008439,0.007061,-0.047847,-0.000466,-0.000218,-0.000132,-0.000965,0.000086,0.001110,0.030570,-0.000356,-0.001058,0.010859,0.002028,-0.000250,-0.000105,-0.124308,0.003133,-0.000164,0.014870,0.060622,0.000636,0.001935,-0.009639,0.017757,0.003503,-0.001389,-0.009571
0.109089,0.005840,0.051789,0.002401,0.112366,0.072596,0.245127,1.180752,0.024654,0.081857,0.146921,-0.010770,0.086248,-0.030740,0.182306,0.368435,0.002025,-0.002079,-0.003025,0.009993,0.005484,0.007016,0.220813,-0.001143,0.011464,0.002028,0.049647,0.002408,0.002955,0.665308,-0.001983,0.042939,0.122162,0.087411,-0.010809,0.054577,-0.000758,0.020602,0.126706,0.007080,0.132878
0.005067,0.002227,0.007790,-0.000602,0.001029,0.003347,0.001575,0.065345,0.002485,0.000735,0.011220,-0.000492,0.007893,0.003443,0.008701,0.007192,0.000154,-0.000259,-0.000083,0.001085,-0.000247,0.001165,0.007204,0.000755,0.001819,-0.000250,0.002408,0.017059,-0.000165,0.024662,0.004045,0.001134,0.003171,-0.001100,-0.009357,0.010471,-0.004746,-0.001109,0.015294,-0.000041,0.013002
0.006660,-0.002272,0.064711,-0.000932,-0.011642,-0.002472,0.055622,0.192697,-0.009982,-0.013465,-0.012342,0.000850,0.029485,-0.006910,0.012440,-0.009783,0.000433,-0.000958,-0.000154,-0.001391,-0.000814,0.004684,0.017399,0.023170,-0.002729,-0.000105,0.002955,-0.000165,0.021883,-0.118946,-0.004110,-0.003062,0.052962,-0.017572,-0.010046,0.070348,-0.008755,-0.010875,0.094322,-0.001682,0.054771
1.546594,0.800904,-1.495149,0.381723,6.574509,0.702940,4.820482,4.183854,2.913197,13.748110,7.721122,-3.171637,1.717664,1.130212,3.417792,30.250819,0.129236,-0.002605,-0.031118,1.709542,-0.060221,-0.176519,2.800317,-0.198238,-0.043996,-0.124308,0.665308,0.024662,-0.118946,117.401807,4.472292,-0.442768,2.331954,6.520497,-0.183384,-0.025707,2.417566,2.582186,1.773388,0.725230,-2.133373
-0.044551,-0.117727,-0.188419,0.031110,0.661343,0.204706,-0.007624,-2.190673,1.034337,0.988525,0.549873,-0.178284,0.483424,1.060418,0.456562,2.306121,-0.016366,0.006955,-0.005063,-0.055235,-0.007527,-0.031868,-0.327126,-0.013769,-0.080341,0.003133,-0.001983,0.004045,-0.004110,4.472292,3.653164,-0.111276,-0.073668,0.389897,0.033107,-0.130907,-0.280146,0.088567,0.240074,0.040558,-0.085647
0.076056,-0.081217,0.053260,-0.009070,-0.118768,0.175453,-0.220308,0.555398,-0.006778,-0.094213,-0.117637,0.063077,0.030093,-0.044897,0.111142,0.004069,0.000057,-0.000887,-0.001894,-0.015700,-0.003640,0.002390,0.537599,-0.005268,0.018371,-0.000164,0.042939,0.001134,-0.003062,-0.442768,-0.111276,0.387636,-0.099161,-0.124810,-0.023022,-0.009003,-0.025970,-0.060342,0.022360,-0.003043,0.286116
0.255826,-0.087753,1.011418,0.070159,1.150342,-0.046249,2.621036,5.561173,-0.232806,0.186978,1.308455,-0.017435,0.403217,-0.209823,0.483187,0.890522,0.016361,-0.017228,0.000426,0.102109,-0.008548,0.060366,0.570021,0.046583,0.227383,0.014870,0.122162,0.003171,0.052962,2.331954,-0.073668,-0.099161,2.153429,1.115015,0.166462,0.404815,0.038124,0.375248,0.785099,-0.042571,0.904778
0.100529,-0.342316,-0.057787,0.268836,3.597966,-0.112837,1.452068,1.475260,0.169560,0.056001,4.527230,-0.006038,0.204368,-0.166701,0.376545,0.054069,-0.002421,0.000859,0.025542,0.200289,0.012105,0.012038,0.785802,-0.032880,0.079234,0.060622,0.087411,-0.001100,-0.017572,6.520497,0.389897,-0.124810,1.115015,4.516053,0.530334,-0.039970,-0.068939,1.853004,0.142601,-0.066960,-0.420760
-0.001996,-0.028095,-0.237691,0.025073,0.473200,0.011816,0.137022,-2.394490,0.012775,0.324740,0.508188,-0.246585,-0.067430,0.010897,0.006738,0.461867,0.003224,0.007701,0.026690,-0.046798,-0.027538,-0.034287,-0.068490,-0.015715,-0.041058,0.000636,-0.010809,-0.009357,-0.010046,-0.183384,0.033107,-0.023022,0.166462,0.530334,1.326830,-0.136878,0.175831,0.445185,-0.213571,-0.046948,-0.265460
0.156527,0.022259,0.611993,0.003553,0.084840,0.008513,0.534426,1.286741,-0.069068,-0.054731,0.176061,-0.007023,0.320249,-0.053637,0.222165,0.135709,0.006079,-0.008717,-0.001629,0.000376,-0.001420,0.054634,0.265332,0.101701,0.029063,0.001935,0.054577,0.010471,0.070348,-0.025707,-0.130907,-0.009003,0.404815,-0.039970,-0.136878,0.964350,-0.036226,-0.041929,1.096611,-0.009833,0.437920
0.053342,0.279815,0.033165,0.004064,-0.042338,0.187545,-0.106490,-1.343607,-0.180680,0.391608,-0.060346,-0.190229,-0.037128,-0.024739,0.000702,0.365191,0.024367,0.009039,0.003447,0.050392,0.055899,-0.029081,-0.222554,-0.010880,0.013904,-0.009639,-0.000758,-0.004746,-0.008755,2.417566,-0.280146,-0.025970,0.038124,-0.068939,0.175831,-0.036226,0.394767,0.020607,-0.040869,0.003154,0.533066
0.017549,-0.061005,-0.015911,0.131017,1.615176,-0.062178,0.432704,-0.939724,-0.060527,-0.063495,2.223744,-0.012690,0.042441,-0.069636,0.096672,-0.216429,0.001740,0.005156,0.025800,0.093537,0.003932,-0.001694,0.196762,-0.016536,0.023596,0.017757,0.020602,-0.001109,-0.010875,2.582186,0.088567,-0.060342,0.375248,1.853004,0.445185,-0.041929,0.020607,1.058863,-0.000781,-0.034610,-0.168398
0.315934,0.047535,0.929013,0.014340,0.361092,0.144165,1.140519,3.355503,0.050091,0.175611,0.486594,-0.072364,0.574491,-0.018220,0.561011,0.983996,0.012901,-0.013759,-0.007581,0.021445,0.009476,0.075835,0.557809,0.127885,0.076851,0.003503,0.126706,0.015294,0.094322,1.773388,0.240074,0.022360,0.785099,0.142601,-0.213571,1.096611,-0.040869,-0.000781,1.481082,0.003222,0.861502
0.012947,-0.004226,-0.041470,-0.001516,-0.061072,0.000745,0.024770,0.246818,-0.027526,0.116366,-0.070259,-0.043358,0.014457,0.010635,0.028180,0.378134,0.000339,-0.000431,-0.000845,-0.003128,-0.001465,-0.001152,0.040817,-0.002290,-0.005553,-0.001389,0.007080,-0.000041,-0.001682,0.725230,0.040558,-0.003043,-0.042571,-0.066960,-0.046948,-0.009833,0.003154,-0.034610,0.003222,0.067321,-0.015137
0.386713,0.637112,1.319376,-0.002678,-0.041811,1.371524,0.658139,1.938783,-0.280248,-0.258493,-0.146518,-0.325674,0.494591,-0.065522,0.554327,-0.613555,0.062358,0.014396,-0.003333,0.002092,0.169685,0.007857,0.225453,0.058700,0.269727,-0.009571,0.132878,0.013002,0.054771,-2.133373,-0.085647,0.286116,0.904778,-0.420760,-0.265460,0.437920,0.533066,-0.168398,0.861502,-0.015137,4.140494
