5.009848,0.152684,0.052222,0.006832,0.180810,0.157271,0.325173,0.931212,0.125057,0.361589,0.225714,-0.056309,0.036985,0.033463,0.495691,0.925079,-0.038080,0.051494,0.002195,0.030460,0.010704,-0.038588,0.241953,-0.004324,-0.016993,0.003780,0.158839,-0.000809,-0.004009,0.970510,0.171343,0.089819,0.069557,0.215959,-0.005246,0.266198,0.111009,0.068973,0.061965,0.013483,0.220510
0.152684,2.433154,-0.002277,0.003892,-0.148903,0.109178,-0.131437,-0.341006,0.042588,0.153605,-0.138319,0.068006,0.031783,0.016720,-0.063021,0.179659,0.059143,-0.000575,-0.009176,0.018897,0.045261,-0.012885,-0.209244,-0.006448,-0.024676,-0.000060,-0.068099,-0.002611,-0.002029,0.010673,-0.246658,-0.017374,-0.032576,-0.126000,-0.139134,0.089856,-0.167945,0.003360,0.235383,-0.011695,0.283450
0.052222,-0.002277,1.450127,-0.004012,-0.010173,-0.027583,0.652210,2.739441,-0.145313,-0.194827,-0.114169,-0.030251,0.172437,-0.043256,0.289964,-0.129117,-0.025413,-0.019890,-0.000410,-0.003852,0.009110,0.019027,-0.018753,0.042162,0.130676,-0.003673,0.072181,0.004482,0.036743,-0.695546,-0.123855,-0.008826,0.518673,-0.089440,-0.139943,0.437583,-0.052202,0.008941,0.350744,-0.013657,0.732520
0.006832,0.003892,-0.004012,0.027202,0.064618,0.001347,0.036110,-0.003921,0.029507,0.001869,0.119324,0.001115,0.015706,-0.003535,-0.013849,-0.007349,0.003969,-0.001137,0.002432,0.002776,-0.000443,-0.000158,0.020893,-0.000502,0.003031,0.002402,0.009255,-0.000003,-0.000384,0.054396,-0.001881,-0.001980,0.019685,0.125203,0.013019,-0.018118,0.008503,0.038116,0.014037,-0.000709,0.001206
0.180810,-0.148903,-0.010173,0.064618,3.180838,0.023465,1.319246,1.204479,0.235543,0.190349,2.312618,-0.067245,0.148286,-0.191562,0.439891,0.542086,0.021491,-0.016610,0.008526,0.052864,0.010919,0.005947,0.556932,-0.006622,0.008885,0.026140,0.119857,0.002464,-0.003202,3.728601,0.450752,-0.012442,0.406729,1.971107,0.333554,-0.318767,-0.022582,0.801245,0.444258,-0.015247,-0.133256
0.157271,0.109178,-0.027583,0.001347,0.023465,0.841285,-0.028216,-1.377706,0.533891,0.018421,0.023093,-0.093225,-0.007851,0.052661,0.034943,0.296533,0.000697,0.003001,-0.001618,-0.002651,0.036110,-0.011858,0.066450,-0.001291,-0.005696,-0.001849,0.048944,0.000938,-0.000367,0.672473,0.044136,0.050474,0.001512,-0.037078,0.010436,0.071356,0.080951,-0.028276,0.297658,-0.005548,0.866414
0.325173,-0.131437,0.652210,0.036110,1.319246,-0.028216,4.302669,5.640919,-0.022401,0.241227,1.229906,-0.037032,0.482442,-0.320528,0.176555,1.249153,0.026204,0.021629,-0.005929,0.090320,-0.008182,0.016547,0.771111,0.009725,0.128996,0.016217,0.201973,0.005590,0.021405,2.930839,0.044939,-0.095383,1.238724,1.010742,0.014408,0.171645,0.110159,0.325508,1.084818,-0.001481,0.391753
0.931212,-0.341006,2.739441,-0.003921,1.204479,-1.377706,5.640919,340.094521,-1.918151,-0.734826,0.507717,0.740237,1.067620,-1.017011,1.177650,0.599919,-0.061921,-0.535277,-0.173150,0.067415,-0.076369,-0.296653,2.619900,0.081963,0.433471,0.020132,0.342761,0.079702,0.077438,-11.952471,0.603669,0.216759,3.923983,1.528577,-1.361567,-0.922759,-0.811605,-0.394830,1.861816,0.394829,0.288273
0.125057,0.042588,-0.145313,0.029507,0.235543,0.533891,-0.022401,-1.918151,3.042345,0.317756,0.288117,-0.000276,0.298892,0.197486,0.388799,1.339267,0.030116,-0.031599,-0.008493,-0.004994,0.014783,-0.043293,-0.167006,-0.008752,-0.040755,0.003487,0.005864,0.002242,-0.005218,1.748910,0.466166,0.008423,-0.020889,0.071463,0.021033,-0.187414,-0.054317,-0.010431,0.421188,-0.008009,-0.125312
0.361589,0.153605,-0.194827,0.001869,0.190349,0.018421,0.241227,-0.734826,0.317756,2.525424,0.058333,-0.266924,0.162947,0.196811,0.356988,2.609167,0.004604,-0.018388,-0.005905,0.033731,-0.018683,-0.046893,-0.058990,-0.020559,-0.030371,-0.011460,0.107817,-0.004147,-0.008892,5.427926,0.529356,-0.013356,0.052953,-0.008023,0.245687,-0.144757,0.166212,-0.082204,0.032789,0.047415,-0.201979
0.225714,-0.138319,-0.114169,0.119324,2.312618,0.023093,1.229906,0.507717,0.288117,0.058333,5.366059,-0.040784,0.327563,-0.145724,0.167066,0.520985,0.066124,-0.065153,0.006840,0.145190,0.003160,0.000235,0.625118,-0.015240,0.047497,0.026663,0.178353,0.003824,-0.010102,4.817545,0.494042,-0.013502,0.515643,2.639525,0.343135,-0.362916,0.189648,1.284352,0.449833,-0.020274,-0.180063
-0.056309,0.068006,-0.030251,0.001115,-0.067245,-0.093225,-0.037032,0.740237,-0.000276,-0.266924,-0.040784,0.396757,0.015249,-0.003658,0.039743,-0.386151,-0.000586,0.000529,-0.000910,0.003060,-0.003854,0.010195,0.029859,-0.002466,0.002550,0.001193,-0.037589,0.000891,0.001347,-2.024158,-0.092258,0.013180,-0.003253,-0.057882,-0.124956,-0.027536,-0.119133,0.008571,-0.057524,-0.023130,-0.176136
0.036985,0.031783,0.172437,0.015706,0.148286,-0.007851,0.482442,1.067620,0.298892,0.162947,0.327563,0.015249,2.758465,0.041212,0.196833,0.583347,0.016550,-0.000564,-0.003363,0.017439,0.009728,0.034251,0.226540,0.015332,0.035154,0.007467,0.017775,0.010331,0.013785,1.653284,0.380233,0.024231,0.159652,0.097358,-0.148797,0.243714,-0.011900,0.063658,0.117563,0.013841,0.119694
0.033463,0.016720,-0.043256,-0.003535,-0.191562,0.052661,-0.320528,-1.017011,0.197486,0.196811,-0.145724,-0.003658,0.041212,0.797866,0.410126,0.176356,0.021313,0.011681,0.001123,-0.007262,-0.003950,-0.014233,-0.281997,0.002528,-0.012664,-0.003537,-0.076438,-0.000897,-0.001555,0.261978,0.514558,-0.029271,-0.140890,-0.203644,0.003291,-0.132488,-0.028986,-0.080854,0.008985,-0.002470,0.060773
0.495691,-0.063021,0.289964,-0.013849,0.439891,0.034943,0.176555,1.177650,0.388799,0.356988,0.167066,0.039743,0.196833,0.410126,21.633015,2.420481,0.041406,0.064242,-0.000266,0.045048,-0.015920,-0.012710,0.727383,-0.021731,-0.046363,-0.003444,-0.075206,-0.001916,0.019215,2.190185,-0.170266,0.221628,0.247273,-0.005933,-0.101080,-0.244561,-0.020691,0.080304,0.637566,-0.038683,-0.063857
0.925079,0.179659,-0.129117,-0.007349,0.542086,0.296533,1.249153,0.599919,1.339267,2.609167,0.520985,-0.386151,0.583347,0.176356,2.420481,15.318576,0.037620,-0.065619,-0.014667,0.184943,-0.032559,-0.026302,0.475615,-0.012626,-0.031457,-0.021850,0.050326,0.008678,0.004236,15.851991,0.787848,0.045070,0.424281,0.118539,0.069492,0.077104,0.192293,-0.113729,0.165833,0.229963,-0.221321
-0.038080,0.059143,-0.025413,0.003969,0.021491,0.000697,0.026204,-0.061921,0.030116,0.004604,0.066124,-0.000586,0.016550,0.021313,0.041406,0.037620,0.213362,-0.011819,0.001515,-0.003110,0.003923,0.006608,0.044689,0.000103,0.003516,0.002831,0.000220,-0.001605,-0.002870,0.205747,-0.055918,0.001401,-0.021735,0.058200,0.017988,0.006648,0.001163,0.011513,0.094015,-0.003942,0.000557
0.051494,-0.000575,-0.019890,-0.001137,-0.016610,0.003001,0.021629,-0.535277,-0.031599,-0.018388,-0.065153,0.000529,-0.000564,0.011681,0.064242,-0.065619,-0.011819,0.267597,0.003384,0.000054,0.002829,-0.000455,-0.023785,-0.001738,0.005352,-0.003918,0.004071,-0.001363,-0.002071,0.055965,0.053978,-0.018711,-0.011030,-0.016210,0.014879,-0.021919,0.026684,-0.011790,0.067515,-0.000143,0.055504
0.002195,-0.009176,-0.000410,0.002432,0.008526,-0.001618,-0.005929,-0.173150,-0.008493,-0.005905,0.006840,-0.000910,-0.003363,0.001123,-0.000266,-0.014667,0.001515,0.003384,0.011788,-0.000487,-0.000183,-0.000147,-0.002960,-0.000207,0.001714,-0.000097,0.001284,0.000403,-0.000158,0.027746,0.000391,-0.000815,-0.000198,0.019504,0.004507,-0.012959,0.001468,0.014065,-0.015210,-0.000292,0.002204
0.030460,0.018897,-0.003852,0.002776,0.052864,-0.002651,0.090320,0.067415,-0.004994,0.033731,0.145190,0.003060,0.017439,-0.007262,0.045048,0.184943,-0.003110,0.000054,-0.000487,0.076375,0.001596,-0.000270,-0.015407,-0.001182,0.005270,-0.000556,0.008852,0.000294,-0.000904,0.800894,-0.008758,-0.004658,0.070296,0.114089,-0.025320,-0.002912,0.045878,0.069818,-0.040035,-0.001669,-0.002672
0.010704,0.045261,0.009110,-0.000443,0.010919,0.036110,-0.008182,-0.076369,0.014783,-0.018683,0.003160,-0.003854,0.009728,-0.003950,-0.015920,-0.032559,0.003923,0.002829,-0.000183,0.001596,0.035229,-0.005132,-0.009735,-0.000443,-0.000662,-0.000209,0.010134,0.000350,-0.000339,-0.045667,0.005476,0.003530,-0.007775,0.004855,-0.011639,0.004226,-0.012983,-0.001523,0.055999,-0.000626,0.102725
-0.038588,-0.012885,0.019027,-0.000158,0.005947,-0.011858,0.016547,-0.296653,-0.043293,-0.046893,0.000235,0.010195,0.034251,-0.014233,-0.012710,-0.026302,0.006608,-0.000455,-0.000147,-0.000270,-0.005132,0.330512,-0.005151,0.003171,-0.000832,-0.002245,0.020025,0.001111,0.003977,-0.069270,-0.012281,-0.012763,0.036126,-0.027308,-0.036418,0.083534,-0.042314,-0.002959,0.043630,-0.008019,-0.051190
0.241953,-0.209244,-0.018753,0.020893,0.556932,0.066450,0.771111,2.619900,-0.167006,-0.058990,0.625118,0.029859,0.226540,-0.281997,0.727383,0.475615,0.044689,-0.023785,-0.002960,-0.015407,-0.009735,-0.005151,2.236334,-0.006812,0.047772,0.018291,0.175251,0.004482,0.000534,1.609353,-0.187923,0.289233,0.207937,0.461500,-0.045258,-0.014457,-0.034562,0.130751,0.278086,0.023210,0.141163
-0.004324,-0.006448,0.042162,-0.000502,-0.006622,-0.001291,0.009725,0.081963,-0.008752,-0.020559,-0.015240,-0.002466,0.015332,0.002528,-0.021731,-0.012626,0.000103,-0.001738,-0.000207,-0.001182,-0.000443,0.003171,-0.006812,0.021925,-0.000926,-0.000236,-0.002500,0.000879,0.010170,-0.027303,-0.004865,-0.001980,0.017046,-0.012000,-0.005451,0.048268,-0.002879,-0.006739,0.062673,-0.000709,0.017037
-0.016993,-0.024676,0.130676,0.003031,0.008885,-0.005696,0.128996,0.433471,-0.040755,-0.030371,0.047497,0.002550,0.035154,-0.012664,-0.046363,-0.031457,0.003516,0.005352,0.001714,0.005270,-0.000662,-0.000832,0.047772,-0.000926,0.090224,-0.001057,0.017660,0.000888,-0.000398,0.007555,-0.023987,0.010938,0.065885,0.025740,-0.018160,0.029152,-0.003628,0.007589,0.061537,-0.003170,0.143605
0.003780,-0.000060,-0.003673,0.002402,0.026140,-0.001849,0.016217,0.020132,0.003487,-0.011460,0.026663,0.001193,0.007467,-0.003537,-0.003444,-0.021850,0.002831,-0.003918,-0.000097,-0.000556,-0.000209,-0.002245,0.018291,-0.000236,-0.001057,0.010443,-0.000751,-0.000264,-0.000181,-0.062749,0.005997,-0.000932,0.009574,0.032844,0.001005,-0.018141,-0.003099,0.008159,-0.005634,-0.000334,-0.005020
0.158839,-0.068099,0.072181,0.009255,0.119857,0.048944,0.201973,0.342761,0.005864,0.107817,0.178353,-0.037589,0.017775,-0.076438,-0.075206,0.050326,0.000220,0.004071,0.001284,0.008852,0.010134,0.020025,0.175251,-0.002500,0.017660,-0.000751,1.078724,0.003910,0.001414,0.966031,-0.025216,-0.005300,0.086775,0.260972,0.061221,0.025655,0.028327,0.046779,0.222503,0.004293,0.076694
-0.000809,-0.002611,0.004482,-0.000003,0.002464,0.000938,0.005590,0.079702,0.002242,-0.004147,0.003824,0.000891,0.010331,-0.000897,-0.001916,0.008678,-0.001605,-0.001363,0.000403,0.000294,0.000350,0.001111,0.004482,0.000879,0.000888,-0.000264,0.003910,0.017058,0.000213,0.019781,0.003359,0.000615,0.002609,0.002423,-0.009483,0.008519,-0.002981,-0.002883,0.002288,0.000157,0.008622
-0.004009,-0.002029,0.036743,-0.000384,-0.003202,-0.000367,0.021405,0.077438,-0.005218,-0.008892,-0.010102,0.001347,0.013785,-0.001555,0.019215,0.004236,-0.002870,-0.002071,-0.000158,-0.000904,-0.000339,0.003977,0.000534,0.010170,-0.000398,-0.000181,0.001414,0.000213,0.016857,-0.035992,-0.005913,-0.001514,0.032048,-0.007314,-0.005953,0.026368,-0.011077,-0.006861,0.063636,-0.000542,0.020867
0.970510,0.010673,-0.695546,0.054396,3.728601,0.672473,2.930839,-11.952471,1.748910,5.427926,4.817545,-2.024158,1.653284,0.261978,2.190185,15.851991,0.205747,0.055965,0.027746,0.800894,-0.045667,-0.069270,1.609353,-0.027303,0.007555,-0.062749,0.966031,0.019781,-0.035992,103.278194,1.716389,-0.171896,0.865543,3.999531,0.474235,0.918617,2.077928,1.801662,1.897435,0.181315,-0.708881
0.171343,-0.246658,-0.123855,-0.001881,0.450752,0.044136,0.044939,0.603669,0.466166,0.529356,0.494042,-0.092258,0.380233,0.514558,-0.170266,0.787848,-0.055918,0.053978,0.000391,-0.008758,0.005476,-0.012281,-0.187923,-0.004865,-0.023987,0.005997,-0.025216,0.003359,-0.005913,1.716389,3.955704,-0.063034,-0.002922,0.426207,0.013121,-0.215494,-0.216812,0.056878,0.121334,0.011397,-0.152334
0.089819,-0.017374,-0.008826,-0.001980,-0.012442,0.050474,-0.095383,0.216759,0.008423,-0.013356,-0.013502,0.013180,0.024231,-0.029271,0.221628,0.045070,0.001401,-0.018711,-0.000815,-0.004658,0.003530,-0.012763,0.289233,-0.001980,0.010938,-0.000932,-0.005300,0.000615,-0.001514,-0.171896,-0.063034,0.299585,-0.051086,-0.009890,0.002807,0.036788,-0.003394,-0.007856,-0.054967,-0.001476,0.126825
0.069557,-0.032576,0.518673,0.019685,0.406729,0.001512,1.238724,3.923983,-0.020889,0.052953,0.515643,-0.003253,0.159652,-0.140890,0.247273,0.424281,-0.021735,-0.011030,-0.000198,0.070296,-0.007775,0.036126,0.207937,0.017046,0.065885,0.009574,0.086775,0.002609,0.032048,0.865543,-0.002922,-0.051086,1.621638,0.284163,0.116538,0.208021,-0.041702,0.152210,0.022221,-0.016134,0.309985
0.215959,-0.126000,-0.089440,0.125203,1.971107,-0.037078,1.010742,1.528577,0.071463,-0.008023,2.639525,-0.057882,0.097358,-0.203644,-0.005933,0.118539,0.058200,-0.016210,0.019504,0.114089,0.004855,-0.027308,0.461500,-0.012000,0.025740,0.032844,0.260972,0.002423,-0.007314,3.999531,0.426207,-0.009890,0.284163,3.801426,0.268679,-0.175717,0.020760,0.929473,0.256269,-0.028116,-0.192047
-0.005246,-0.139134,-0.139943,0.013019,0.333554,0.010436,0.014408,-1.361567,0.021033,0.245687,0.343135,-0.124956,-0.148797,0.003291,-0.101080,0.069492,0.017988,0.014879,0.004507,-0.025320,-0.011639,-0.036418,-0.045258,-0.005451,-0.018160,0.001005,0.061221,-0.009483,-0.005953,0.474235,0.013121,0.002807,0.116538,0.268679,1.210501,-0.116056,0.097076,0.233455,-0.077623,-0.018094,-0.168055
0.266198,0.089856,0.437583,-0.018118,-0.318767,0.071356,0.171645,-0.922759,-0.187414,-0.144757,-0.362916,-0.027536,0.243714,-0.132488,-0.244561,0.077104,0.006648,-0.021919,-0.012959,-0.002912,0.004226,0.083534,-0.014457,0.048268,0.029152,-0.018141,0.025655,0.008519,0.026368,0.918617,-0.215494,0.036788,0.208021,-0.175717,-0.116056,4.059617,0.119880,-0.116614,0.253336,0.003964,0.403485
0.111009,-0.167945,-0.052202,0.008503,-0.022582,0.080951,0.110159,-0.811605,-0.054317,0.166212,0.189648,-0.119133,-0.011900,-0.028986,-0.020691,0.192293,0.001163,0.026684,0.001468,0.045878,-0.012983,-0.042314,-0.034562,-0.002879,-0.003628,-0.003099,0.028327,-0.002981,-0.011077,2.077928,-0.216812,-0.003394,-0.041702,0.020760,0.097076,0.119880,1.630743,0.066636,-0.039118,0.003895,0.130254
0.068973,0.003360,0.008941,0.038116,0.801245,-0.028276,0.325508,-0.394830,-0.010431,-0.082204,1.284352,0.008571,0.063658,-0.080854,0.080304,-0.113729,0.011513,-0.011790,0.014065,0.069818,-0.001523,-0.002959,0.130751,-0.006739,0.007589,0.008159,0.046779,-0.002883,-0.006861,1.801662,0.056878,-0.007856,0.152210,0.929473,0.233455,-0.116614,0.066636,0.898874,-0.065478,-0.009824,-0.096539
0.061965,0.235383,0.350744,0.014037,0.444258,0.297658,1.084818,1.861816,0.421188,0.032789,0.449833,-0.057524,0.117563,0.008985,0.637566,0.165833,0.094015,0.067515,-0.015210,-0.040035,0.055999,0.043630,0.278086,0.062673,0.061537,-0.005634,0.222503,0.002288,0.063636,1.897435,0.121334,-0.054967,0.022221,0.256269,-0.077623,0.253336,-0.039118,-0.065478,16.940526,-0.046851,0.749347
0.013483,-0.011695,-0.013657,-0.000709,-0.015247,-0.005548,-0.001481,0.394829,-0.008009,0.047415,-0.020274,-0.023130,0.013841,-0.002470,-0.038683,0.229963,-0.003942,-0.000143,-0.000292,-0.001669,-0.000626,-0.008019,0.023210,-0.000709,-0.003170,-0.000334,0.004293,0.000157,-0.000542,0.181315,0.011397,-0.001476,-0.016134,-0.028116,-0.018094,0.003964,0.003895,-0.009824,-0.046851,0.057046,-0.015059
0.220510,0.283450,0.732520,0.001206,-0.133256,0.866414,0.391753,0.288273,-0.125312,-0.201979,-0.180063,-0.176136,0.119694,0.060773,-0.063857,-0.221321,0.000557,0.055504,0.002204,-0.002672,0.102725,-0.051190,0.141163,0.017037,0.143605,-0.005020,0.076694,0.008622,0.020867,-0.708881,-0.152334,0.126825,0.309985,-0.192047,-0.168055,0.403485,0.130254,-0.096539,0.749347,-0.015059,3.262928
