-5.441399999999999793e+00,nan,1.093800000000000050e-01,-7.564199999999999591e+00
1.040000000000000036e+00,nan,8.288800000000000168e+00,-1.299099999999999921e+00
1.787500000000000089e+00,nan,-5.136199999999999655e+00,-3.236200000000000188e+00
5.045200000000000351e+00,nan,-1.430399999999999894e+00,8.629099999999999548e-01
-1.788599999999999968e+00,nan,5.615400000000000169e+00,4.258399999999999963e-01
-6.508399999999999963e+00,nan,2.319100000000000050e-01,-3.936999999999999833e+00
4.890600000000000058e+00,nan,3.420199999999999907e+00,1.090500000000000025e+00
-2.341000000000000192e+00,nan,7.040300000000000447e-01,-7.583599999999999675e+00
7.405399999999999761e-01,nan,2.199199999999999822e+00,4.840300000000000158e-01
-6.144199999999999662e-01,nan,-3.181800000000000184e-01,5.021400000000000308e-01
4.736799999999999899e-01,nan,-4.506400000000000183e+00,-4.043099999999999916e+00
-3.568099999999999827e+00,nan,1.008300000000000018e+01,9.676500000000000101e-01
-6.752600000000000158e+00,nan,-6.198300000000000337e-02,-3.725000000000000089e+00
-1.600100000000000078e+00,nan,9.404400000000000759e+00,8.188199999999999645e-02
1.311399999999999899e+00,nan,2.293499999999999872e+00,2.254099999999999993e-01
-3.073100000000000165e+00,nan,2.387700000000000156e+00,7.762700000000000156e-01
-3.793000000000000149e+00,nan,1.279570000000000007e+01,-2.825000000000000178e+00
4.934199999999999697e+00,nan,-1.759400000000000130e-01,1.624500000000000055e+00
-2.588000000000000078e+00,nan,-3.336000000000000076e-01,-1.279700000000000060e+00
5.937400000000000233e+00,nan,-2.590500000000000025e+00,-3.655300000000000216e-01
3.781800000000000050e+00,nan,2.255799999999999805e+00,-1.573400000000000076e-01
1.838400000000000034e+00,nan,5.472299999999999942e-01,5.124800000000000466e-01
-4.294000000000000039e-01,nan,4.426499999999999879e-02,-1.560499999999999943e-01
3.329899999999999860e+00,nan,1.580600000000000005e+00,3.935199999999999809e-01
3.000900000000000123e+00,nan,-2.230599999999999916e+00,-6.655299999999999550e-01
3.356500000000000039e-01,nan,6.971800000000000219e-01,-5.569100000000000161e-01
5.358600000000000030e+00,nan,-1.734499999999999931e+00,1.078899999999999970e+00
-4.733100000000000307e+00,nan,1.138799999999999990e+01,-1.074100000000000055e+00
-2.902000000000000135e+00,nan,1.183179999999999943e+01,-8.426799999999999846e-01
1.063700000000000090e+00,nan,-4.159399999999999764e+00,-1.937899999999999956e+00
9.562599999999999989e-01,nan,4.457799999999999763e+00,2.163599999999999968e-01
3.752200000000000202e+00,nan,3.994299999999999962e+00,1.305099999999999927e+00
2.015299999999999869e+00,nan,3.137500000000000178e+00,4.284299999999999775e-01
-2.861899999999999888e+00,nan,-5.812300000000000244e-01,-4.262900000000000134e+00
-1.651399999999999979e+00,nan,9.112199999999999633e+00,1.237900000000000000e+00
1.518000000000000016e+00,nan,9.481799999999999951e-02,-2.673800000000000135e-02
-1.532200000000000006e+00,nan,6.677900000000000169e+00,1.749799999999999967e-01
5.591000000000000192e+00,nan,-4.383899999999999686e+00,-4.337900000000000311e+00
4.407199999999999562e+00,nan,2.041599999999999859e+00,1.131899999999999906e+00
7.225200000000000511e-01,nan,5.670300000000000118e+00,-1.350899999999999990e+00
-2.089100000000000179e+00,nan,1.703999999999999959e+00,1.743500000000000050e+00
-6.987900000000000222e-01,nan,4.121100000000000207e+00,1.504299999999999971e+00
1.104999999999999982e+00,nan,4.109900000000000220e-01,-3.033199999999999896e+00
4.924900000000000055e+00,nan,7.734400000000000164e-01,1.209500000000000020e+00
4.044599999999999973e+00,nan,-4.358200000000000074e+00,-4.740099999999999980e+00
2.826099999999999834e+00,nan,-3.303399999999999892e+00,-1.050899999999999945e+00
-6.576699999999999768e-01,nan,3.711500000000000021e+00,9.973899999999999988e-01
-3.993399999999999839e+00,nan,5.472299999999999942e-01,-4.937899999999999956e+00
-5.204900000000000304e+00,nan,7.082700000000000107e-02,-7.300399999999999778e+00
-1.004999999999999893e+00,nan,-2.462000000000000022e-01,4.568800000000000083e-01
-6.397899999999999920e+00,nan,1.083599999999999897e+00,-6.617600000000000371e+00
-2.913800000000000168e+00,nan,9.766799999999999926e+00,-6.021600000000000286e-01
-1.285200000000000014e-03,nan,-1.965099999999999902e-01,8.175399999999999334e-03
3.403999999999999915e+00,nan,-2.991499999999999826e+00,-5.724200000000000399e-01
3.482000000000000206e+00,nan,3.500799999999999912e+00,-7.846200000000000396e-02
4.142500000000000071e+00,nan,3.828100000000000058e+00,1.629699999999999926e+00
5.201200000000000045e+00,nan,1.796500000000000041e-01,1.179699999999999971e+00
4.160499999999999865e+00,nan,-3.613599999999999923e+00,-4.081900000000000084e+00
2.194799999999999862e+00,nan,1.158199999999999896e+00,8.577399999999999469e-01
3.858400000000000052e+00,nan,1.103299999999999947e+00,1.700800000000000090e+00
3.923200000000000021e+00,nan,3.457899999999999974e+00,8.370499999999999607e-01
4.247499999999999609e+00,nan,-4.835499999999999798e-01,9.534299999999999997e-01
3.545799999999999841e+00,nan,-4.035099999999999909e+00,-3.956399999999999917e+00
-8.954199999999999937e-01,nan,-2.365200000000000191e+00,-1.274599999999999955e+00
5.180000000000000160e-01,nan,-8.408499999999999863e-01,9.611800000000000344e-01
-1.972499999999999920e+00,nan,-2.308600000000000207e+00,-2.372399999999999842e+00
-6.059800000000000075e+00,nan,-4.364199999999999746e-01,-6.369399999999999729e+00
1.023500000000000076e+00,nan,-2.006200000000000205e+00,-2.712499999999999911e+00
-3.358200000000000074e+00,nan,1.144190000000000040e+01,-5.711300000000000265e-01
-2.895700000000000163e+00,nan,1.191489999999999938e+01,-2.755199999999999871e+00
6.165199999999999569e-01,nan,-4.727500000000000036e+00,-4.394800000000000040e+00
-1.557199999999999918e+00,nan,8.108800000000000452e+00,-1.080600000000000005e+00
3.476900000000000102e+00,nan,2.529999999999999805e+00,2.449500000000000011e+00
9.270300000000000207e-01,nan,-6.626300000000000523e-01,-1.672800000000000065e+00
5.029700000000000060e+00,nan,3.502499999999999947e+00,-2.375099999999999989e-01
3.971900000000000208e+00,nan,7.597300000000000164e-01,1.001300000000000079e+00
3.989900000000000002e+00,nan,2.394600000000000062e+00,8.629099999999999548e-01
-2.909800000000000164e+00,nan,8.415599999999999525e+00,-1.994799999999999907e+00
1.684900000000000064e+00,nan,-1.264100000000000001e+00,-1.385799999999999921e+00
3.798000000000000265e-01,nan,7.571999999999999842e-01,-4.444000000000000172e-01
3.763500000000000068e+00,nan,6.611900000000000555e-01,3.417899999999999827e-01
3.627699999999999925e+00,nan,6.886100000000000554e-01,6.340299999999999825e-01
6.563299999999999912e+00,nan,-4.411299999999999777e+00,-3.225800000000000001e+00
-2.494099999999999984e+00,nan,-1.372100000000000097e+00,-2.848300000000000054e+00
-6.025399999999999645e-01,nan,-2.150100000000000122e+00,-7.702700000000000102e-01
8.956600000000000117e-01,nan,-2.747300000000000075e+00,-1.935300000000000020e+00
2.372900000000000009e+00,nan,-3.008700000000000152e+00,-3.201299999999999812e+00
1.274599999999999955e+00,nan,-1.532299999999999995e+00,-1.795700000000000074e+00
3.825100000000000167e-01,nan,1.812799999999999967e+00,-6.125099999999999989e-01
-3.360399999999999832e+00,nan,2.132400000000000073e+00,6.017000000000000126e-01
-1.878200000000000092e+00,nan,4.848600000000000243e+00,-2.156599999999999837e-02
3.067200000000000149e+00,nan,3.823799999999999866e+00,-8.168199999999999905e-01
1.167599999999999971e+00,nan,-2.086699999999999999e+00,-8.064700000000000202e-01
-3.729999999999999982e+00,nan,1.298170000000000002e+01,-2.684000000000000163e+00
3.424599999999999866e+00,nan,8.034200000000000230e-01,2.913600000000000079e-01
2.000700000000000145e+00,nan,2.649099999999999788e+00,4.736899999999999999e-01
2.127400000000000180e+00,nan,-1.797099999999999920e+00,-1.176299999999999901e+00
-2.120999999999999996e+00,nan,1.949000000000000066e+00,1.352999999999999980e+00
3.535800000000000054e+00,nan,-8.185700000000000198e-01,4.788600000000000079e-01
2.823700000000000099e+00,nan,1.967800000000000105e-01,5.719600000000000239e-01
3.549900000000000055e+00,nan,-3.279399999999999871e+00,-1.200900000000000079e+00
-3.718100000000000183e+00,nan,1.236299999999999955e+01,-9.551800000000000290e-01
-2.436500000000000110e+00,nan,-1.416600000000000081e+00,-2.894800000000000040e+00
2.720600000000000129e+00,nan,-3.311100000000000154e+00,-9.681100000000000261e-01
-1.522799999999999931e+00,nan,5.756800000000000139e+00,8.732499999999999707e-01
-1.587699999999999889e+00,nan,5.802200000000000024e+00,3.159299999999999886e-01
-1.616200000000000081e+00,nan,8.162800000000000722e+00,6.081699999999999884e-01
-2.327700000000000102e+00,nan,-8.211399999999999810e-01,-1.286200000000000010e+00
2.567800000000000082e+00,nan,6.140600000000000502e-01,-4.069099999999999939e-01
3.063200000000000145e+00,nan,5.130499999999999616e+00,8.266999999999999904e-01
-2.291799999999999837e+00,nan,7.959699999999999775e+00,9.211000000000000298e-01
-1.834300000000000042e+00,nan,5.642900000000000027e+00,5.499800000000000244e-01
1.793900000000000050e+00,nan,1.545400000000000107e+00,-2.607900000000000218e-01
4.063200000000000145e+00,nan,7.254500000000000393e-01,3.948099999999999943e-01
1.879899999999999904e+00,nan,2.493100000000000094e+00,3.767099999999999893e-01
3.798400000000000110e-01,nan,7.571600000000000552e-01,-4.444100000000000272e-01
5.022499999999999742e-01,nan,-1.179300000000000015e+00,3.999800000000000022e-01
-2.089700000000000113e+00,nan,2.360300000000000065e+00,-3.419799999999999951e+00
1.910500000000000087e+00,nan,-2.338600000000000012e+00,-7.560400000000000453e-01
-1.706399999999999917e+00,nan,-2.282900000000000151e+00,-2.197799999999999976e+00
4.258600000000000385e+00,nan,-4.094299999999999606e+00,-4.345699999999999896e+00
5.081299999999999706e-01,nan,-1.980399999999999938e+00,5.771399999999999864e-01
-3.026499999999999968e+00,nan,6.860399999999999832e-01,-5.518599999999999894e-02
-6.959900000000000198e+00,nan,2.182000000000000051e-01,-4.572000000000000064e+00
1.226199999999999957e+00,nan,5.756800000000000139e+00,-1.159599999999999936e-01
-5.903400000000000425e+00,nan,6.766100000000000447e-01,-6.679700000000000415e+00
2.533100000000000129e+00,nan,-8.219999999999999529e-01,-1.224299999999999972e-01
3.866000000000000103e+00,nan,1.924199999999999910e+00,1.064500000000000030e-01
1.489600000000000035e+00,nan,-4.030899999999999928e+00,-1.425899999999999945e+00
-4.195800000000000196e+00,nan,1.212909999999999933e+01,-1.601699999999999902e+00
-1.681999999999999940e+00,nan,7.139800000000000146e+00,1.332300000000000040e+00
1.323399999999999910e+00,nan,2.361999999999999933e-01,-1.198400000000000021e-01
-2.419799999999999951e+00,nan,7.014599999999999724e-01,4.180900000000000172e-01
5.032000000000000028e+00,nan,-2.625599999999999934e+00,-1.034100000000000019e+00
4.247799999999999798e+00,nan,-2.769600000000000062e+00,-1.076699999999999990e+00
-4.486100000000000421e+00,nan,1.730870000000000175e+01,-3.219399999999999817e+00
-4.085699999999999887e-01,nan,-2.960700000000000109e+00,-2.689200000000000035e+00
-1.667699999999999960e+00,nan,7.892900000000000027e+00,9.676500000000000101e-01
-2.065900000000000070e+00,nan,-4.629800000000000026e-01,-1.097399999999999931e+00
-2.988300000000000178e+00,nan,4.504099999999999770e-01,6.895099999999999840e-02
3.358299999999999841e+00,nan,-3.730100000000000193e+00,-3.699100000000000055e+00
9.296999999999999709e-01,nan,4.642900000000000027e+00,-2.957000000000000184e-01
4.728500000000000369e+00,nan,-2.830500000000000238e-01,1.562500000000000000e+00
3.838400000000000034e+00,nan,-2.043899999999999828e+00,-3.320399999999999741e-02
-2.411500000000000199e+00,nan,9.344400000000000261e+00,-6.525900000000000034e-01
3.033300000000000107e+00,nan,2.318299999999999805e+00,3.029999999999999916e-01
1.363799999999999901e+00,nan,8.418200000000000571e+00,-1.883599999999999941e+00
-1.710399999999999920e+00,nan,6.210899999999999643e+00,3.973999999999999755e-01
1.296000000000000041e+00,nan,-4.845699999999999896e+00,-2.901299999999999990e+00
1.590400000000000036e+00,nan,-3.118300000000000072e+00,-1.172499999999999931e-01
3.435900000000000176e+00,nan,2.104099999999999859e+00,1.892200000000000104e+00
7.589599999999999680e-01,nan,-1.650600000000000067e+00,8.383399999999999741e-01
1.942900000000000071e+00,nan,9.224799999999999667e-02,5.810199999999999809e-01
-3.115800000000000125e+00,nan,1.044030000000000058e+01,9.715300000000000047e-01
3.819700000000000095e+00,nan,-4.383000000000000007e+00,-4.032700000000000173e+00
-3.917199999999999793e+00,nan,7.888600000000000056e-01,-7.819000000000000394e-01
-8.733999999999999542e-01,nan,-2.016499999999999959e-01,5.577400000000000135e-01
6.091899999999999871e+00,nan,-1.326699999999999990e+00,1.455100000000000060e+00
1.745200000000000085e+00,nan,2.087800000000000100e+00,6.262699999999999934e-01
-1.166700000000000070e+00,nan,2.924100000000000144e+00,6.611900000000000555e-01
6.005000000000000338e-01,nan,-3.288800000000000168e+00,-3.241499999999999937e-01
2.532799999999999940e+00,nan,-4.192899999999999960e-01,-2.647800000000000153e+00
4.807699999999999640e+00,nan,-2.633400000000000185e-01,1.553399999999999892e+00
1.028399999999999981e+00,nan,-1.368700000000000028e+00,-1.785300000000000109e+00
5.878199999999999648e+00,nan,-2.854400000000000048e+00,-6.086300000000000043e-01
2.651700000000000168e-01,nan,-2.841600000000000126e+00,-5.995800000000000018e-01
3.607699999999999907e+00,nan,-1.162199999999999900e+00,2.823100000000000054e-01
4.656200000000000117e+00,nan,-2.424300000000000122e+00,-1.238399999999999945e+00
-4.800800000000000206e-02,nan,8.475600000000000023e+00,7.555800000000000294e-01
1.447899999999999965e+00,nan,8.342800000000000438e+00,-2.108600000000000030e+00
-3.603799999999999781e-01,nan,3.114300000000000068e+00,-3.719899999999999873e-01
4.093200000000000394e+00,nan,-1.821900000000000075e+00,2.357599999999999973e-01
5.285499999999999643e-01,nan,4.024300000000000210e+00,-1.048300000000000010e+00
5.414999999999999813e-01,nan,1.682500000000000107e+00,-4.612200000000000188e-01
-4.800800000000000206e-02,nan,7.721499999999999808e+00,4.530000000000000138e-01
-2.791399999999999881e+00,nan,6.775599999999999845e+00,-3.991500000000000048e-01
3.477599999999999802e+00,nan,-3.188600000000000101e+00,-9.228499999999999481e-01
-1.940900000000000070e+00,nan,9.154999999999999361e+00,9.404900000000000482e-01
8.960599999999999676e-01,nan,-1.417499999999999982e+00,-4.032700000000000173e+00
3.559400000000000119e+00,nan,1.290999999999999925e+00,1.655599999999999961e+00
-2.262500000000000178e+00,nan,2.812699999999999978e+00,4.866199999999999970e-01
-2.250100000000000211e+00,nan,-8.836899999999999755e-01,-2.897400000000000198e+00
9.670800000000000507e-01,nan,-4.931400000000000006e+00,-4.132299999999999862e+00
2.796100000000000030e+00,nan,1.838500000000000023e+00,3.831700000000000106e-01
8.725600000000000023e-01,nan,-7.842999999999999972e-01,-2.197799999999999976e+00
1.569099999999999939e+00,nan,-1.827999999999999903e-01,-2.409899999999999931e+00
3.300399999999999778e+00,nan,-1.325800000000000090e+00,2.228300000000000003e-01
-2.665399999999999991e-01,nan,-4.201400000000000134e-01,8.913600000000000412e-01
-1.617599999999999927e+00,nan,-3.550200000000000022e-01,-5.995800000000000018e-01
2.019299999999999873e+00,nan,4.636899999999999800e+00,1.420199999999999907e+00
-3.579800000000000093e+00,nan,2.345699999999999896e+00,-4.573400000000000243e-01
8.557399999999999451e-01,nan,6.604199999999999626e+00,-5.310399999999999565e-01
2.172099999999999920e+00,nan,5.467200000000000060e+00,-7.237099999999999644e-01
1.356600000000000028e+00,nan,2.134100000000000108e+00,3.210999999999999965e-01
-2.534600000000000186e+00,nan,3.360199999999999854e+00,1.709999999999999932e-03
-2.708299999999999930e+00,nan,7.533900000000000041e+00,5.900699999999999834e-01
-8.470999999999999641e-01,nan,-3.011200000000000099e+00,-2.938800000000000079e+00
4.213400000000000034e+00,nan,2.011600000000000055e+00,6.741200000000000525e-01
-6.738699999999999690e+00,nan,6.783299999999999885e-01,-7.588700000000000223e+00
3.798000000000000265e-01,nan,7.571999999999999842e-01,-4.444000000000000172e-01
-7.868899999999999784e-01,nan,-3.786700000000000177e+00,-7.503400000000000070e+00
-2.474500000000000033e-01,nan,-2.469700000000000006e+00,-8.051800000000000068e-01
-4.366699999999999804e+00,nan,5.720800000000000329e-01,-5.466800000000000104e+00
4.363400000000000389e+00,nan,1.428099999999999925e+00,2.020199999999999996e+00
9.361099999999999977e-01,nan,-1.635099999999999998e+00,-1.304300000000000015e+00
1.164400000000000102e+00,nan,-4.940800000000000303e+00,-4.090900000000000425e+00
-6.523500000000000298e+00,nan,-2.539199999999999791e-01,-6.964199999999999946e+00
-7.869000000000000439e-01,nan,-3.786700000000000177e+00,-7.503400000000000070e+00
-2.460399999999999920e+00,nan,9.173799999999999732e-01,-7.641799999999999926e+00
-1.698800000000000088e+00,nan,5.790199999999999569e+00,1.672299999999999898e-01
-1.996599999999999930e+00,nan,9.682000000000000384e+00,-1.288900000000000046e-01
1.488399999999999945e+00,nan,3.307999999999999829e+00,4.892099999999999782e-01
2.486000000000000210e+00,nan,5.340399999999999814e+00,-1.547499999999999987e-01
3.466899999999999871e+00,nan,-1.056799999999999962e+00,-7.314699999999999536e-01
2.108399999999999996e-01,nan,-9.454300000000000204e-02,-1.858999999999999986e+00
8.454599999999999893e-01,nan,-3.630700000000000038e+00,-1.396099999999999897e+00
5.722699999999999676e+00,nan,-2.409699999999999953e+00,-2.452699999999999880e-01
6.549700000000000522e-01,nan,1.067299999999999915e+00,-4.211300000000000043e-01
-3.855199999999999960e+00,nan,-3.841499999999999915e-01,-3.860799999999999788e+00
1.725700000000000012e+00,nan,8.221899999999999764e+00,-1.807299999999999907e+00
-1.256799999999999917e+00,nan,2.871799999999999908e+00,4.465299999999999825e-01
1.098700000000000010e+00,nan,5.988999999999999879e+00,-5.827700000000000102e-01
-1.417399999999999993e+00,nan,1.518000000000000016e+00,6.198099999999999721e-01
3.518899999999999917e+00,nan,-1.779099999999999904e+00,-2.027299999999999935e-02
4.067999999999999616e+00,nan,2.199199999999999822e+00,5.008399999999999519e-01
4.012699999999999712e+00,nan,-3.936599999999999877e+00,-4.072799999999999976e+00
-2.166099999999999970e-01,nan,1.884800000000000031e+00,-3.885299999999999976e+00
2.146399999999999864e+00,nan,-5.777999999999999803e-01,-2.230199999999999960e+00
-5.294299999999999784e+00,nan,1.033319999999999972e+01,-1.118100000000000094e+00
-1.755900000000000016e+00,nan,3.094599999999999795e+00,-4.897800000000000153e+00
-6.974500000000000144e-01,nan,-3.447399999999999909e-01,-1.237199999999999966e-01
7.376000000000000334e-01,nan,-4.798600000000000421e+00,-5.665899999999999714e+00
3.943299999999999805e+00,nan,1.521500000000000075e+00,9.030000000000000249e-01
6.788600000000000190e-01,nan,-4.568999999999999950e+00,-4.141399999999999970e+00
-2.180200000000000138e+00,nan,-1.225600000000000023e+00,-2.662100000000000133e+00
3.598199999999999843e+00,nan,-1.303500000000000103e+00,2.124800000000000022e-01
5.242300000000000182e+00,nan,-4.352999999999999758e+00,-4.101300000000000168e+00
1.774699999999999944e+00,nan,8.150000000000000355e+00,-8.982799999999999674e-01
-2.628600000000000048e+00,nan,1.795600000000000085e+00,9.728200000000000180e-01
5.886199999999999655e+00,nan,-2.816699999999999982e+00,-3.008700000000000263e-01
4.165399999999999991e+00,nan,3.642999999999999794e+00,1.087900000000000089e+00
2.971900000000000208e+00,nan,-2.701999999999999957e-01,7.129100000000000437e-01
-1.421699999999999964e+00,nan,-5.769900000000000029e-02,-7.102500000000000036e+00
-3.535899999999999821e+00,nan,6.569000000000000394e-01,-2.957000000000000184e-01
-4.633799999999999919e+00,nan,1.671659999999999968e+01,-3.216800000000000104e+00
-2.702799999999999869e+00,nan,8.359799999999999454e-01,-9.139300000000000201e-02
3.121900000000000119e+00,nan,1.925899999999999945e+00,-3.745800000000000241e-01
-1.818699999999999983e+00,nan,9.016199999999999548e+00,-1.224299999999999972e-01
2.594299999999999939e-01,nan,-5.039399999999999658e+00,-6.386199999999999655e+00
-2.462099999999999955e+00,nan,-6.257800000000000029e-01,-2.857299999999999951e+00
4.690099999999999825e-01,nan,7.384800000000000253e+00,3.650700000000000056e-01
3.332499999999999907e-01,nan,-4.508099999999999774e+00,-4.011999999999999567e+00
-1.834799999999999986e+00,nan,3.186300000000000132e+00,-4.888799999999999812e+00
-4.243999999999999773e+00,nan,1.711159999999999926e+01,-2.801699999999999857e+00
-1.266699999999999937e+00,nan,-2.426000000000000156e+00,-1.886200000000000099e+00
5.503999999999999559e+00,nan,-4.413000000000000256e+00,-4.021099999999999675e+00
-1.490399999999999947e+00,nan,1.605399999999999938e+00,8.939399999999999569e-01
-2.455400000000000027e+00,nan,8.862000000000000099e+00,-8.698299999999999921e-01
3.883999999999999897e+00,nan,-3.929800000000000182e+00,-4.081900000000000084e+00
-2.508399999999999963e+00,nan,1.487999999999999989e+00,1.206900000000000084e+00
-7.042099999999999582e+00,nan,2.593300000000000050e-01,-4.683200000000000252e+00
4.929400000000000226e+00,nan,2.079199999999999937e-01,3.366199999999999748e-01
-5.264499999999999735e-01,nan,-4.561299999999999799e-01,4.193799999999999750e-01
-1.821900000000000075e+00,nan,5.468099999999999739e+00,5.731300000000000283e-02
2.097700000000000120e-01,nan,7.726700000000000124e+00,9.094600000000000461e-01
-3.460500000000000131e+00,nan,1.616499999999999881e-01,-1.022399999999999975e+00
-1.858400000000000052e+00,nan,-1.664299999999999891e+00,-1.838400000000000034e+00
-1.664099999999999913e+00,nan,1.997000000000000108e+00,5.228300000000000169e-01
4.433799999999999741e+00,nan,-4.679499999999999993e+00,-3.748299999999999965e+00
-1.786000000000000032e+00,nan,7.085799999999999876e+00,-1.211200000000000054e+00
-1.185899999999999954e+00,nan,2.263500000000000068e+00,7.723900000000000210e-01
-3.724400000000000155e+00,nan,-3.542100000000000110e-02,-2.509500000000000064e+00
5.177599999999999980e+00,nan,-3.251100000000000101e+00,-1.569399999999999906e+00
-3.345800000000000107e+00,nan,2.632800000000000029e+00,5.370500000000000274e-01
1.545600000000000085e+00,nan,4.187000000000000166e-01,-2.178399999999999892e+00
-2.495299999999999851e+00,nan,1.935300000000000020e+00,-3.463799999999999990e+00
3.358999999999999986e+00,nan,-3.820899999999999963e+00,-3.713299999999999823e+00
-2.281099999999999905e+00,nan,2.718500000000000139e+00,4.438199999999999784e-02
-1.040100000000000025e+00,nan,8.599799999999999667e-01,-5.333599999999999675e+00
-4.504599999999999937e+00,nan,1.088669999999999938e+01,-5.284600000000000408e-01
2.721299999999999830e+00,nan,-5.880800000000000471e-01,4.180900000000000172e-01
-3.277800000000000047e+00,nan,1.804999999999999938e-01,-2.393100000000000005e+00
4.339800000000000324e+00,nan,3.880300000000000082e+00,-7.043199999999999461e-01
6.421499999999999986e-01,nan,4.293300000000000338e+00,6.469599999999999795e-01
-6.153599999999999959e+00,nan,6.166300000000000114e-01,-3.264600000000000168e+00
-1.253700000000000037e+00,nan,1.931000000000000050e+00,-4.323699999999999655e+00
-3.580099999999999838e+00,nan,1.317789999999999928e+01,-2.567699999999999871e+00
4.336500000000000021e+00,nan,3.688400000000000123e+00,7.491200000000000081e-01
-1.306599999999999984e+00,nan,7.622999999999999776e-01,1.775800000000000045e+00
-1.747900000000000009e+00,nan,5.869900000000000340e+00,1.211999999999999966e+00
3.931000000000000050e+00,nan,-2.342500000000000138e-02,1.231400000000000050e+00
4.175699999999999967e+00,nan,-3.855199999999999960e+00,-4.305600000000000094e+00
-6.650999999999999801e+00,nan,6.860399999999999832e-01,-7.588700000000000223e+00
2.306599999999999984e+00,nan,5.755099999999999660e-01,4.193799999999999750e-01
-1.706299999999999928e+00,nan,-2.378000000000000114e+00,-2.349099999999999966e+00
-7.056000000000000050e-01,nan,2.221499999999999808e+00,-4.596499999999999808e+00
5.194999999999999618e-01,nan,3.089500000000000135e+00,-9.848999999999999977e-01
3.154100000000000126e+00,nan,6.599099999999999966e+00,5.745500000000000052e-01
-2.668499999999999872e+00,nan,9.113899999999999224e+00,-1.732299999999999951e+00
-1.445400000000000018e+00,nan,8.848300000000000054e+00,9.689400000000000235e-01
5.494399999999999729e+00,nan,4.169400000000000189e-02,1.928399999999999892e+00
6.365499999999999492e-01,nan,-5.215900000000000425e+00,-6.121100000000000207e+00
-2.123400000000000176e+00,nan,-5.555200000000000138e-01,-8.116499999999999826e-01
4.051999999999999602e+00,nan,4.538300000000000112e-01,5.124800000000000466e-01
-1.393100000000000005e+00,nan,7.538199999999999790e+00,7.840300000000000047e-01
-2.531399999999999970e-02,nan,-1.133900000000000047e-01,1.219799999999999995e+00
-7.036400000000000432e+00,nan,1.659400000000000042e-01,-4.539600000000000080e+00
2.671800000000000175e+00,nan,7.297400000000000553e-01,-1.489200000000000079e+00
-3.589500000000000135e+00,nan,1.052510000000000012e+01,-1.638100000000000112e-01
3.591200000000000170e+00,nan,7.288799999999999724e-01,5.642099999999999893e-01
3.375599999999999934e+00,nan,4.366999999999999993e+00,1.069800000000000084e+00
3.271799999999999820e+00,nan,2.116099999999999870e+00,6.133399999999999963e-01
-2.028500000000000192e+00,nan,-6.343499999999999694e-01,-1.175000000000000044e+00
3.311100000000000154e-01,nan,2.056999999999999940e+00,-1.896700000000000053e-01
-1.624400000000000066e+00,nan,4.657499999999999751e+00,1.698099999999999887e-01
4.002600000000000158e+00,nan,3.557300000000000129e+00,2.680899999999999950e-01
2.209099999999999842e+00,nan,-1.328400000000000025e+00,-3.302099999999999813e+00
2.985599999999999810e+00,nan,-4.089999999999999747e-01,-2.243100000000000094e+00
5.261999999999999567e+00,nan,-1.557199999999999918e+00,1.010299999999999976e+00
4.530399999999999705e-02,nan,1.070799999999999974e+00,-9.332000000000000295e-01
9.358400000000000052e-01,nan,-1.683100000000000041e+00,-1.659899999999999931e+00
2.664800000000000058e+00,nan,-3.399399999999999977e+00,-4.168499999999999872e+00
-3.941100000000000048e+00,nan,1.305969999999999942e+01,-3.312500000000000000e+00
3.992199999999999971e+00,nan,3.730399999999999938e+00,-1.095000000000000001e-01
-2.780000000000000249e-01,nan,-3.133799999999999919e+00,-2.527600000000000069e+00
-4.944700000000000095e+00,nan,1.062999999999999945e+00,-1.443999999999999950e+00
-2.982099999999999973e+00,nan,-5.897999999999999909e-01,-3.964199999999999946e+00
1.151799999999999935e+00,nan,5.272700000000000387e+00,-4.353600000000000247e-01
2.957100000000000062e+00,nan,5.906799999999999606e+00,5.719600000000000239e-01
-9.358699999999999797e-01,nan,4.536699999999999733e+00,1.386600000000000055e+00
-1.269000000000000128e-01,nan,-9.513800000000000034e-01,5.784299999999999997e-01
4.957099999999999840e-01,nan,-1.096999999999999975e+00,-4.015900000000000247e+00
-4.746500000000000163e-01,nan,1.990099999999999980e+00,7.517000000000000348e-01
2.783100000000000129e+00,nan,-3.556999999999999940e+00,-4.403900000000000148e+00
4.052399999999999558e+00,nan,-1.969300000000000050e+00,2.627900000000000028e-02
-7.432400000000000118e-01,nan,-4.278500000000000081e-01,2.331699999999999884e-01
-2.596099999999999852e+00,nan,9.794200000000000017e+00,-2.801799999999999846e-01
-1.262399999999999911e-01,nan,-3.712099999999999955e+00,-6.118500000000000050e+00
4.103799999999999670e+00,nan,3.349099999999999966e+00,-4.922500000000000209e-01
2.391700000000000159e+00,nan,-4.988800000000000345e+00,-2.898699999999999832e+00
-1.118800000000000017e+00,nan,-1.345499999999999918e+00,-1.957300000000000040e+00
-2.261699999999999822e+00,nan,6.348900000000000432e+00,1.116199999999999970e-01
1.635800000000000032e-01,nan,1.374900000000000011e+00,1.356899999999999995e+00
-6.957200000000000051e-01,nan,1.841900000000000093e+00,-4.328899999999999970e+00
-2.061999999999999944e-01,nan,-3.704400000000000137e+00,-6.810299999999999798e+00
3.270399999999999974e+00,nan,-1.045600000000000085e+00,2.344700000000000117e-01
-2.647899999999999920e+00,nan,-1.330999999999999961e+00,-5.470699999999999896e+00
2.774399999999999977e+00,nan,-1.067099999999999937e+00,7.541599999999999693e-02
3.235100000000000087e+00,nan,-3.207399999999999807e+00,-2.594800000000000217e+00
2.212299999999999933e+00,nan,7.768699999999999939e+00,-8.530200000000000005e-01
-4.021799999999999820e+00,nan,1.255499999999999972e+01,-1.509900000000000020e+00
-2.342999999999999972e+00,nan,3.328500000000000014e+00,-5.942599999999999660e+00
5.132100000000000328e+00,nan,3.261600000000000055e-01,1.115099999999999980e+00
4.154200000000000337e+00,nan,-2.476599999999999913e+00,-1.209899999999999975e+00
-4.142900000000000027e+00,nan,6.826100000000000501e-01,-7.198400000000000354e-01
-5.390000000000000346e-01,nan,3.439900000000000180e+00,5.214099999999999985e-02
2.259599999999999831e+00,nan,4.735500000000000043e+00,-2.776000000000000134e-01
2.736499999999999932e+00,nan,6.660800000000000054e+00,-5.788900000000000157e-01
-4.886099999999999888e+00,nan,-1.725200000000000067e-01,-6.958999999999999631e+00
8.829799999999999871e-01,nan,6.009599999999999831e+00,-4.327699999999999880e-01
2.016500000000000181e+00,nan,5.170700000000000074e+00,1.076300000000000034e+00
-2.044099999999999806e+00,nan,1.856399999999999995e-01,-1.090999999999999970e+00
-2.252699999999999925e+00,nan,2.589900000000000091e+00,-3.273699999999999832e+00
5.241799999999999571e+00,nan,-4.117399999999999949e+00,-4.279700000000000060e+00
3.489300000000000068e+00,nan,-1.204199999999999937e+00,-3.875100000000000211e-01
2.563499999999999890e+00,nan,-6.197899999999999521e-01,3.857599999999999918e-01
1.299900000000000055e+00,nan,2.010699999999999932e+00,-1.896700000000000053e-01
2.042100000000000026e+00,nan,4.217100000000000293e+00,9.042900000000000382e-01
3.105999999999999872e+00,nan,-4.253599999999999604e+00,-4.003000000000000114e+00
1.212600000000000067e-01,nan,-4.732700000000000240e-01,9.702399999999999913e-01
-1.749000000000000110e+00,nan,6.098700000000000010e+00,1.426600000000000090e-01
-2.166799999999999837e+00,nan,4.512200000000000238e-02,-1.677999999999999936e+00
3.658199999999999896e+00,nan,-1.715700000000000003e+00,-2.375099999999999989e-01
-2.215300000000000047e+00,nan,7.853799999999999670e-02,-7.785300000000000331e+00
-2.167400000000000215e+00,nan,-1.046499999999999986e+00,-8.620799999999999574e-01
9.040700000000000403e-01,nan,-4.498700000000000365e+00,-3.696499999999999897e+00
3.203199999999999825e+00,nan,-7.534499999999999531e-01,-6.125099999999999989e-01
4.196200000000000152e+00,nan,8.325599999999999667e-01,7.530000000000000027e-01
-2.233999999999999986e+00,nan,7.493599999999999817e+00,6.133399999999999963e-01
-8.980900000000000549e-01,nan,2.200899999999999856e+00,5.073100000000000387e-01
-3.006099999999999994e+00,nan,1.195519999999999960e+01,-2.160299999999999887e+00
2.021600000000000064e-01,nan,-3.282799999999999940e+00,-6.176800000000000068e-01
4.826500000000000234e+00,nan,1.637100000000000000e+00,1.187500000000000000e+00
2.203399999999999803e+00,nan,5.300899999999999501e-01,8.499799999999999578e-01
-2.589900000000000091e+00,nan,9.345200000000000173e-01,4.297199999999999909e-01
2.131899999999999906e+00,nan,2.557399999999999896e+00,-6.165199999999999847e-02
4.094800000000000217e+00,nan,2.368900000000000006e+00,7.542900000000000160e-01
2.548999999999999932e+00,nan,-1.160500000000000087e+00,-1.237100000000000088e+00
2.610399999999999832e+00,nan,-2.359199999999999908e-01,-1.760799999999999921e+00
-9.854000000000000536e-01,nan,5.824499999999999567e+00,5.461000000000000298e-01
4.468200000000000394e+00,nan,9.576599999999999557e-01,8.305799999999999850e-01
-2.647899999999999920e+00,nan,-1.330999999999999961e+00,-5.470699999999999896e+00
-2.178599999999999870e+00,nan,6.034399999999999764e+00,-2.077700000000000102e-01
8.760299999999999754e-01,nan,8.419799999999999507e-01,-1.715599999999999903e-01
3.732099999999999973e+00,nan,3.357699999999999907e+00,-6.048600000000000330e-03
-3.889400000000000190e+00,nan,9.820800000000000196e+00,4.749800000000000133e-01
3.240299999999999958e+00,nan,5.280400000000000205e+00,4.129099999999999993e-01
-2.286000000000000032e+00,nan,5.803899999999999615e+00,8.823100000000000387e-01
-5.687699999999999978e-01,nan,-1.425200000000000022e+00,-1.124600000000000044e+00
-2.075400000000000134e+00,nan,-6.420599999999999641e-01,-1.264199999999999990e+00
-1.710099999999999953e+00,nan,7.973499999999999588e+00,-4.547499999999999876e-01
3.244400000000000062e-01,nan,-1.198199999999999932e+00,-4.128400000000000070e+00
4.827200000000000379e+00,nan,6.860399999999999832e-01,8.073099999999999721e-01
-1.726299999999999946e+00,nan,5.241900000000000226e+00,2.952400000000000024e-01
3.896199999999999886e+00,nan,3.395399999999999974e+00,-5.375100000000000433e-01
-2.591899999999999871e+00,nan,3.894899999999999807e+00,7.775699999999999834e-01
5.745599999999999596e+00,nan,-4.785700000000000287e+00,-4.336599999999999788e+00
-1.838700000000000001e+00,nan,5.650599999999999845e+00,1.956700000000000106e-01
4.040499999999999758e+00,nan,1.027900000000000036e+00,1.106000000000000094e+00
2.621300000000000185e+00,nan,6.568599999999999439e-02,-1.575900000000000079e+00
2.876999999999999780e+00,nan,3.625900000000000123e+00,-3.254400000000000071e-01
3.929199999999999804e+00,nan,2.212899999999999867e+00,3.081699999999999995e-01
1.915699999999999958e+00,nan,2.370500000000000107e-01,-2.011600000000000055e+00
-5.490099999999999980e+00,nan,-3.875799999999999801e-01,-5.976300000000000168e+00
-7.679399999999999560e-01,nan,-3.440500000000000114e+00,-3.427599999999999980e+00
5.740300000000000402e+00,nan,3.801499999999999879e-01,1.376300000000000079e+00
-2.061999999999999944e-01,nan,-3.704400000000000137e+00,-6.810299999999999798e+00
3.466299999999999937e+00,nan,1.742499999999999938e+00,1.338799999999999990e+00
-1.602899999999999991e+00,nan,1.620000000000000107e+00,1.910300000000000109e+00
1.820500000000000007e+00,nan,9.991299999999999834e-03,3.948099999999999943e-01
3.245000000000000107e+00,nan,-6.343499999999999694e-01,8.693699999999999761e-01
-1.544899999999999940e+00,nan,9.615199999999999747e+00,-1.233200000000000074e+00
-1.224399999999999933e+00,nan,-1.480099999999999971e+00,-1.418099999999999916e+00
5.608399999999999608e+00,nan,-4.800300000000000011e+00,-4.353399999999999714e+00
4.743199999999999861e+00,nan,1.368000000000000049e-01,1.654300000000000104e+00
-1.638600000000000056e+00,nan,-1.730199999999999960e+00,-3.564599999999999991e+00
1.594000000000000083e+00,nan,1.375799999999999912e+00,8.188199999999999645e-02
-3.269200000000000106e+00,nan,1.555729999999999968e+01,-1.418200000000000016e-01
3.292399999999999771e-01,nan,4.571799999999999642e+00,-9.888000000000000123e-01
3.618100000000000094e+00,nan,2.827300000000000146e+00,-7.120800000000000463e-01
-4.396700000000000053e+00,nan,-6.489200000000000523e-01,-5.471899999999999764e+00
-3.488999999999999879e-01,nan,-3.405400000000000205e+00,-3.183199999999999807e+00
4.406900000000000261e+00,nan,-4.577499999999999680e+00,-4.427100000000000257e+00
-5.030100000000000016e+00,nan,-1.339599999999999957e-01,-7.503400000000000070e+00
1.908100000000000074e-01,nan,-3.725000000000000089e+00,-5.822400000000000020e+00
4.966499999999999804e-01,nan,1.778499999999999970e+00,-4.715599999999999792e-01
1.131699999999999928e+00,nan,3.397899999999999920e+00,8.435099999999999820e-01
-4.477899999999999991e+00,nan,-3.121800000000000130e-01,-6.775400000000000311e+00
4.055200000000000138e+00,nan,2.280600000000000183e+00,1.032299999999999995e+00
5.173099999999999810e+00,nan,-1.983000000000000096e+00,4.077399999999999913e-01
7.442800000000000527e-01,nan,1.613099999999999978e+00,1.575399999999999912e+00
2.688099999999999934e+00,nan,-4.664099999999999913e-01,-6.926799999999999624e-01
1.698800000000000088e+00,nan,2.904399999999999871e+00,1.103299999999999975e-01
4.384599999999999831e+00,nan,3.366200000000000081e+00,-2.932399999999999937e-02
3.480500000000000149e+00,nan,-3.754100000000000215e+00,-3.437899999999999956e+00
-4.233299999999999841e+00,nan,-4.921200000000000019e-01,-5.320700000000000429e+00
4.029600000000000293e+00,nan,8.068499999999999561e-01,7.167900000000000382e-01
3.120099999999999783e-03,nan,1.795600000000000085e+00,9.172200000000000353e-01
-5.636999999999999567e+00,nan,1.308100000000000096e-01,-5.014199999999999768e+00
-3.882600000000000051e+00,nan,-9.231099999999999861e-01,-5.080099999999999838e+00
-7.746100000000000207e-01,nan,2.402299999999999880e+00,1.131899999999999906e+00
4.275599999999999845e+00,nan,2.137500000000000178e+00,9.443700000000000427e-01
-1.758899999999999908e+00,nan,8.477299999999999613e+00,3.198099999999999832e-01
7.510799999999999699e-01,nan,-3.109799999999999898e+00,-2.051800000000000013e-01
-2.140499999999999847e+00,nan,1.320999999999999952e+00,-2.090599999999999958e-01
-1.610800000000000010e-01,nan,8.357300000000000395e+00,-1.521600000000000064e+00
-4.293199999999999683e+00,nan,7.725800000000000445e-01,-9.978500000000000147e-01
1.261600000000000055e+00,nan,-1.333499999999999908e+00,-1.751700000000000035e+00
7.124899999999999983e-03,nan,5.078099999999999836e-01,-3.815500000000000114e+00
-1.663699999999999957e+00,nan,-2.270099999999999785e+00,-2.222399999999999931e+00
-1.178300000000000042e-01,nan,8.029999999999999361e+00,-2.803100000000000036e-02
-3.230500000000000149e+00,nan,1.164329999999999998e+01,-9.461300000000000265e-01
2.823199999999999932e+00,nan,-3.146599999999999842e+00,-3.978400000000000158e+00
3.576099999999999834e+00,nan,-3.979499999999999815e+00,-3.463799999999999990e+00
-1.199599999999999972e-01,nan,9.199500000000000455e-01,-6.693999999999999950e-01
2.422600000000000087e+00,nan,5.947000000000000064e+00,2.150700000000000112e-01
2.229000000000000092e+00,nan,-3.112299999999999844e+00,-2.716400000000000148e+00
-1.695200000000000040e+00,nan,8.829399999999999693e+00,9.495500000000000052e-01
1.116600000000000037e+00,nan,-9.625200000000000422e-01,-1.811199999999999921e+00
2.641500000000000181e+00,nan,-2.856199999999999850e-01,-1.667699999999999960e+00
-1.284599999999999964e+00,nan,-1.767099999999999893e+00,-3.260800000000000143e+00
5.529800000000000271e-01,nan,1.704800000000000093e+00,1.100800000000000001e+00
8.620200000000000085e-01,nan,4.290799999999999947e+00,5.473900000000000432e-01
1.640800000000000036e+00,nan,-4.902300000000000324e+00,-2.662100000000000133e+00
-1.442700000000000093e+00,nan,-1.970199999999999951e+00,-3.439200000000000035e+00
3.515600000000000058e+00,nan,-4.275900000000000034e+00,-4.977999999999999758e+00
-2.336100000000000065e+00,nan,3.083499999999999908e+00,-5.443500000000000227e+00
3.824399999999999800e+00,nan,2.453699999999999992e+00,5.202400000000000357e-01
7.712400000000000366e-01,nan,-1.228099999999999969e+00,-1.499600000000000044e+00
1.590200000000000058e+00,nan,3.240299999999999958e+00,1.840400000000000091e-01
-3.386299999999999866e+00,nan,1.305450000000000088e+01,-2.720200000000000173e+00
-4.924100000000000144e-01,nan,-1.628300000000000081e+00,-5.685400000000000453e-01
2.015299999999999869e+00,nan,4.586400000000000254e+00,-3.150999999999999912e-01
-1.734399999999999942e+00,nan,7.761800000000000033e+00,9.353200000000000403e-01
1.011700000000000044e+00,nan,-2.350600000000000023e+00,4.271400000000000197e-01
-2.379700000000000149e+00,nan,1.127299999999999969e+00,1.607599999999999862e-01
-3.750300000000000189e+00,nan,1.759319999999999951e+01,-2.777099999999999902e+00
3.779799999999999827e+00,nan,2.649099999999999788e+00,6.636499999999999344e-02
-1.023400000000000004e-01,nan,-2.216899999999999871e+00,-5.672500000000000320e-01
9.657400000000000428e-01,nan,-1.360999999999999988e+00,-1.465899999999999981e+00
2.852300000000000058e+00,nan,-3.761000000000000121e+00,-3.337099999999999955e+00
-1.423300000000000010e+00,nan,2.358600000000000030e+00,3.948099999999999943e-01
-1.670600000000000085e+00,nan,1.584000000000000075e+00,7.116200000000000303e-01
-1.938900000000000068e+00,nan,4.597899999999999904e-02,-1.122000000000000108e+00
-3.408300000000000107e+00,nan,-7.688800000000000079e-01,-4.866799999999999571e+00
9.473200000000000509e-01,nan,7.190299999999999692e+00,-6.758699999999999708e-01
-4.401799999999999713e+00,nan,1.565590000000000082e+01,-1.680600000000000094e+00
3.864399999999999835e+00,nan,7.040300000000000447e-01,3.521400000000000086e-01
-7.034599999999999742e-01,nan,-3.594700000000000006e+00,-3.145700000000000163e+00
-2.967200000000000060e+00,nan,1.347269999999999968e+01,-2.627099999999999991e+00
-2.004599999999999937e+00,nan,1.332999999999999963e+00,1.654300000000000104e+00
-2.208299999999999930e+00,nan,8.999100000000000321e+00,-2.840599999999999792e-01
-3.481000000000000205e-01,nan,-4.784100000000000019e-01,6.262699999999999934e-01
-1.759900000000000020e+00,nan,2.675600000000000200e+00,-3.324100000000000055e+00
2.289299999999999891e+00,nan,6.311999999999999833e-01,-3.978599999999999914e-01
3.941399999999999793e+00,nan,3.167400000000000215e+00,1.086600000000000010e+00
1.232599999999999946e-01,nan,-9.351000000000000423e-01,-2.433199999999999807e+00
3.339700000000000113e+00,nan,3.982299999999999951e+00,-2.375099999999999989e-01
-2.447299999999999809e+00,nan,7.357299999999999951e-01,-7.661200000000000010e+00
-2.620000000000000107e+00,nan,6.216899999999999871e+00,-6.228500000000000147e-01
-1.399499999999999966e+00,nan,2.515400000000000080e+00,5.991199999999999859e-01
2.687700000000000089e-01,nan,-5.150800000000000267e+00,-6.391300000000000203e+00
4.384800000000000253e+00,nan,3.042300000000000004e+00,1.274100000000000010e+00
-2.455999999999999961e+00,nan,1.404099999999999904e+00,-4.586299999999999821e-01
5.418800000000000061e+00,nan,-4.083999999999999631e+00,-3.699100000000000055e+00
-1.257600000000000051e+00,nan,7.007799999999999585e+00,4.245499999999999829e-01
-3.285400000000000098e+00,nan,-4.535600000000000187e-01,-1.822799999999999976e+00
3.929399999999999782e+00,nan,1.807600000000000096e+00,8.978199999999999514e-01
-1.945799999999999974e+00,nan,1.907899999999999929e+00,-3.440500000000000114e+00
1.013500000000000068e+00,nan,-1.671999999999999931e+00,-2.081500000000000128e+00
-3.379300000000000193e+00,nan,1.792739999999999867e+01,-2.032300000000000217e+00
-1.242399999999999949e+00,nan,-5.255300000000000527e-01,-2.103599999999999914e-01
2.558100000000000041e+00,nan,1.851299999999999946e+00,4.025699999999999834e-01
4.827799999999999869e+00,nan,-2.449100000000000055e+00,-1.221600000000000019e+00
2.996099999999999874e-01,nan,-3.147499999999999742e-01,-1.182800000000000074e+00
2.091099999999999959e+00,nan,4.551199999999999690e+00,1.233999999999999986e+00
5.746099999999999541e-01,nan,-1.691699999999999982e+00,-4.392199999999999882e+00
-2.218300000000000161e+00,nan,2.998600000000000154e+00,3.637799999999999923e-01
-3.043199999999999794e-01,nan,-2.775599999999999845e+00,-6.564699999999999980e-01
3.744000000000000217e+00,nan,9.585099999999999731e-01,1.007700000000000040e+00
-1.131299999999999972e+00,nan,7.533900000000000041e+00,1.022000000000000020e+00
-7.186799999999999855e-01,nan,3.829800000000000093e+00,1.023300000000000098e+00
3.462600000000000122e+00,nan,3.542699999999999960e+00,1.542900000000000105e-01
6.808699999999999752e-01,nan,4.908500000000000085e+00,5.499800000000000244e-01
-2.714300000000000157e+00,nan,2.109199999999999964e+00,-3.962899999999999867e+00
-3.379999999999999893e+00,nan,2.532500000000000195e+00,7.180800000000000516e-01
4.845100000000000406e+00,nan,-2.951200000000000045e+00,-1.472399999999999931e+00
8.135599999999999499e-01,nan,-2.149199999999999999e+00,-4.181400000000000006e+00
8.844400000000000039e-01,nan,5.583700000000000330e-01,-4.418199999999999905e-01
-1.180399999999999894e+00,nan,1.556500000000000106e-01,-6.819399999999999906e+00
2.671899999999999942e+00,nan,3.715800000000000214e-01,5.861899999999999888e-01
-2.798999999999999932e+00,nan,-4.235700000000000021e-01,-2.112499999999999822e+00
-5.100299999999999834e-01,nan,2.027299999999999935e-02,7.633400000000000185e-01
-1.236900000000000110e+00,nan,2.517999999999999794e+00,5.163600000000000412e-01
7.430700000000000083e-01,nan,-1.382400000000000073e+00,-4.072799999999999976e+00
4.992300000000000182e+00,nan,-2.351500000000000146e+00,-7.198400000000000354e-01
4.192700000000000315e+00,nan,2.583899999999999864e+00,2.176599999999999924e-01
-7.149400000000000199e-01,nan,2.224099999999999966e+00,4.982599999999999807e-01
6.824799999999999756e+00,nan,-2.542499999999999982e+00,5.461000000000000298e-01
2.896900000000000031e+00,nan,2.290000000000000036e+00,1.866300000000000070e+00
-2.991499999999999826e+00,nan,8.652100000000000790e+00,1.819800000000000084e+00
-8.205299999999999816e-01,nan,-4.886900000000000133e-01,-5.271599999999999620e-01
3.793499999999999872e+00,nan,-2.547699999999999854e+00,-1.872000000000000108e+00
1.131499999999999950e+00,nan,1.092999999999999972e+00,-2.844399999999999817e+00
4.569099999999999717e+00,nan,3.176899999999999835e+00,4.296099999999999745e-03
-2.966200000000000170e+00,nan,8.784000000000000696e+00,-2.113799999999999901e+00
4.021499999999999631e+00,nan,2.495699999999999807e+00,3.663600000000000190e-01
2.829699999999999882e+00,nan,-7.354600000000000026e-01,-5.866500000000000048e-01
-9.219399999999999817e-02,nan,-3.284599999999999742e-01,-1.379400000000000071e-01
-1.252799999999999914e+00,nan,2.178700000000000081e+00,-5.603799999999999670e+00
-2.575400000000000134e+00,nan,6.102999999999999758e+00,6.521400000000000530e-01
-2.564999999999999947e+00,nan,6.012199999999999989e+00,4.696800000000000280e-02
-2.482400000000000162e+00,nan,6.839000000000000412e+00,-5.905299999999999994e-01
1.933999999999999941e+00,nan,4.815999999999999837e+00,-3.396700000000000275e-01
4.348300000000000054e+00,nan,-4.085700000000000109e+00,-4.253899999999999793e+00
3.515200000000000102e+00,nan,-6.737699999999999800e-01,-4.689800000000000080e-01
1.143199999999999994e+00,nan,5.577700000000000102e+00,-6.357800000000000118e-01
3.533999999999999808e+00,nan,-3.631600000000000161e+00,-1.246099999999999985e+00
1.762000000000000011e+00,nan,2.138399999999999856e+00,7.542900000000000160e-01
3.008100000000000218e-01,nan,-1.754199999999999982e+00,4.892099999999999782e-01
2.175199999999999800e+00,nan,5.102199999999999847e+00,-6.797499999999999654e-01
3.395099999999999785e+00,nan,2.140099999999999891e+00,2.086199999999999832e+00
3.230300000000000171e+00,nan,-3.534800000000000164e+00,-1.215100000000000069e+00
-1.858400000000000052e+00,nan,-1.664299999999999891e+00,-1.838400000000000034e+00
3.269699999999999829e+00,nan,3.688400000000000123e+00,-2.982899999999999996e-01
-1.397100000000000009e+00,nan,-1.392700000000000049e+00,-1.994799999999999907e+00
5.286800000000000388e+00,nan,-1.372100000000000097e+00,1.166800000000000059e+00
1.579900000000000082e+00,nan,7.918599999999999639e+00,-1.548699999999999966e+00
-1.955100000000000060e+00,nan,5.538299999999999557e+00,-1.288900000000000046e-01
-3.993300000000000072e+00,nan,6.286300000000000221e-01,-1.159499999999999975e+00
-2.801500000000000101e-01,nan,-3.385699999999999932e+00,-2.915500000000000203e+00
2.598899999999999988e+00,nan,7.622999999999999776e-01,8.111899999999999666e-01
-1.843900000000000095e+00,nan,7.679599999999999760e+00,-6.668199999999999683e-01
-8.353500000000000369e-01,nan,-1.641100000000000003e+00,-1.922500000000000042e-01
-3.372899999999999787e-01,nan,7.665899999999999714e+00,7.232600000000000140e-01
6.429500000000000215e-01,nan,3.492999999999999994e-01,-4.133700000000000152e-01
1.602000000000000091e+00,nan,5.292400000000000437e-01,4.788600000000000079e-01
3.205099999999999838e+00,nan,-2.903300000000000214e+00,-7.819000000000000394e-01
1.147199999999999998e+00,nan,1.938700000000000090e+00,-4.340600000000000014e-01
1.551399999999999890e+00,nan,-4.914299999999999891e+00,-3.748299999999999965e+00
-4.665099999999999802e-01,nan,-2.981199999999999850e+00,-1.043099999999999916e+00
-2.280400000000000205e+00,nan,1.334699999999999998e+00,1.376300000000000079e+00
-2.978600000000000136e+00,nan,5.266699999999999715e-01,-4.017299999999999760e-01
1.509900000000000020e+00,nan,6.233200000000000074e+00,-3.034600000000000075e-01
2.263399999999999856e+00,nan,3.655800000000000161e+00,-6.125099999999999989e-01
-3.807300000000000129e+00,nan,1.017719999999999914e+01,6.508399999999999741e-01
1.351799999999999891e+00,nan,-2.343700000000000117e+00,3.999800000000000022e-01
3.955899999999999972e-01,nan,1.058799999999999963e+00,-6.758699999999999708e-01
-6.097500000000000142e-01,nan,1.847099999999999964e+00,6.017000000000000126e-01
-1.917699999999999960e+00,nan,2.545399999999999885e+00,-3.276299999999999990e+00
2.555899999999999839e+00,nan,2.032099999999999795e+00,2.680899999999999950e-01
1.257200000000000095e+00,nan,-5.286100000000000243e+00,-5.874100000000000321e+00
5.393599999999999506e-01,nan,-4.816600000000000215e+00,-4.341800000000000104e+00
-3.563699999999999868e+00,nan,1.239300000000000068e+01,-1.282299999999999995e+00
3.188699999999999868e+00,nan,2.774199999999999999e+00,-2.026000000000000023e-01
2.254599999999999937e+00,nan,-2.487699999999999911e-01,-3.269800000000000040e+00
2.483499999999999874e-01,nan,9.885000000000000453e-01,-8.737099999999999866e-01
-3.574100000000000055e+00,nan,-7.911999999999999589e-02,-2.120299999999999851e+00
-1.074400000000000022e+00,nan,5.355000000000000426e+00,8.047199999999999909e-01
-2.321099999999999941e+00,nan,-1.000199999999999978e+00,-2.715100000000000069e+00
1.679899999999999949e+00,nan,-4.539799999999999613e+00,-2.393100000000000005e+00
1.173899999999999944e-01,nan,-1.549500000000000099e+00,-2.474600000000000133e+00
-5.081599999999999451e-01,nan,-1.810799999999999965e+00,-2.261200000000000099e+00
-3.571299999999999919e+00,nan,1.488809999999999967e+01,-4.702700000000000213e-01
3.938200000000000145e+00,nan,7.854299999999999615e-01,6.766999999999999682e-01
-3.696099999999999941e+00,nan,1.757949999999999946e+01,-2.618100000000000094e+00
8.329199999999999937e-01,nan,6.500500000000000167e-01,-9.254400000000000404e-01
3.269200000000000106e+00,nan,2.070599999999999941e-01,-6.682399999999999451e-02
1.542300000000000060e-01,nan,-1.682299999999999907e+00,5.952399999999999913e-01
-5.047699999999999854e+00,nan,1.124399999999999977e+01,-3.901000000000000023e-01
3.977100000000000080e+00,nan,-3.927200000000000024e+00,-4.344400000000000261e+00
2.646300000000000097e+00,nan,6.354899999999999771e+00,3.003000000000000027e-03
-1.804599999999999982e+00,nan,6.701900000000000190e+00,1.168099999999999916e+00
1.181100000000000039e+00,nan,-2.056700000000000195e+00,-9.034499999999999753e-01
6.619099999999999984e-01,nan,-2.881900000000000017e-01,-1.663799999999999946e+00
3.525100000000000122e+00,nan,1.692800000000000082e+00,6.443799999999999528e-01
4.643900000000000361e+00,nan,2.597599999999999909e+00,5.525700000000000056e-01
-5.564799999999999747e-01,nan,-3.308499999999999996e+00,-2.796499999999999986e+00
3.849600000000000133e+00,nan,-4.150800000000000267e+00,-4.458199999999999719e+00
-2.105900000000000105e+00,nan,-5.332400000000000473e-01,-8.271600000000000064e-01
2.346000000000000030e-01,nan,2.119499999999999940e+00,1.444800000000000084e+00
8.158300000000000551e-01,nan,-5.261300000000000310e+00,-6.082300000000000040e+00
4.567899999999999849e+00,nan,-2.105500000000000149e+00,2.965300000000000158e-01
-3.112800000000000011e+00,nan,1.074019999999999975e+01,-1.017200000000000104e+00
-7.768800000000000150e-01,nan,-3.113700000000000148e-02,-3.538899999999999824e-01
-3.086599999999999788e+00,nan,1.054049999999999976e+01,-8.918199999999999461e-01
5.069099999999999717e+00,nan,2.027799999999999880e-01,1.209500000000000020e+00
1.480599999999999916e+00,nan,-2.787599999999999856e+00,-1.034100000000000019e+00
-1.119299999999999962e+00,nan,2.093799999999999883e+00,-5.650400000000000311e+00
1.634900000000000020e+00,nan,2.875300000000000189e+00,8.705400000000000638e-02
5.061700000000000088e+00,nan,4.469799999999999884e-01,9.986800000000000122e-01
4.985199999999999854e+00,nan,-2.542499999999999982e+00,-1.282299999999999995e+00
2.108000000000000096e+00,nan,-1.708000000000000074e-01,4.904999999999999916e-01
4.615999999999999659e+00,nan,-4.218499999999999694e+00,-4.424500000000000099e+00
3.926200000000000134e+00,nan,-2.015600000000000058e+00,-6.553100000000000591e-02
-6.281500000000000306e+00,nan,5.258099999999999996e-01,-7.010699999999999932e+00
4.289900000000000269e+00,nan,-4.606700000000000017e+00,-4.326299999999999812e+00
2.483000000000000096e+00,nan,-7.928699999999999637e-01,-9.086300000000000487e-01
5.130200000000000315e+00,nan,-2.891300000000000203e+00,-1.508599999999999941e+00
1.823800000000000088e+00,nan,8.387299999999999756e+00,-5.413900000000000379e-01
4.792600000000000193e+00,nan,-5.170099999999999696e-02,1.492599999999999927e+00
1.733100000000000085e+00,nan,-4.741200000000000081e+00,-2.501700000000000035e+00
2.452700000000000102e+00,nan,2.002099999999999991e-01,-5.647900000000000142e-02
3.947900000000000187e+00,nan,2.883000000000000007e+00,1.981300000000000075e-02
-2.314200000000000035e+00,nan,1.983300000000000063e+00,-4.482900000000000218e-01
-2.883300000000000196e+00,nan,6.894599999999999618e-01,-4.637999999999999901e-01
3.021899999999999933e-02,nan,1.402400000000000091e+00,7.736899999999999888e-01
-3.355300000000000171e+00,nan,2.647299999999999986e+00,-3.784600000000000186e-01
-2.197900000000000187e+00,nan,1.715100000000000069e+00,4.517100000000000004e-01
5.695299999999999807e-01,nan,1.575399999999999912e+00,-3.223300000000000054e+00
1.450700000000000101e+00,nan,-2.232400000000000162e+00,-6.525900000000000034e-01
-3.981600000000000139e-01,nan,1.391199999999999992e+00,-1.162099999999999911e+00
-2.063099999999999934e+00,nan,1.219000000000000083e+00,4.452400000000000246e-01
4.917500000000000343e-02,nan,1.782799999999999940e+00,-7.211300000000000487e-01
1.155799999999999939e+00,nan,1.550599999999999978e+00,6.961000000000000520e-01
3.108800000000000008e+00,nan,8.085700000000000109e-01,4.335999999999999854e-01
1.000899999999999901e+00,nan,-2.821899999999999964e-01,-2.660800000000000054e+00
3.802299999999999791e+00,nan,4.043999999999999595e+00,9.534299999999999997e-01
-1.858400000000000052e+00,nan,-1.664299999999999891e+00,-1.838400000000000034e+00
1.207999999999999963e+00,nan,-4.763499999999999623e+00,-2.612899999999999778e+00
-9.540300000000000447e-01,nan,-2.316300000000000026e+00,-1.195699999999999985e+00
-3.637199999999999878e-01,nan,-3.481599999999999806e+00,-2.783599999999999852e+00
4.707200000000000273e+00,nan,-2.560500000000000220e+00,-1.490499999999999936e+00
4.021499999999999631e+00,nan,2.464799999999999880e+00,1.140900000000000025e+00
-1.055500000000000105e+00,nan,-1.696800000000000086e+00,-4.676799999999999846e-01
3.032900000000000151e+00,nan,2.113500000000000156e+00,3.508399999999999852e-01
3.498499999999999943e+00,nan,2.267699999999999994e-01,-1.650999999999999968e-01
4.368400000000000283e+00,nan,-3.960599999999999898e+00,-3.162500000000000089e+00
-3.821399999999999797e-01,nan,2.162399999999999878e+00,-3.740499999999999936e+00
-2.772299999999999986e+00,nan,-9.351000000000000423e-01,-3.145700000000000163e+00
-8.956899999999999862e-01,nan,-3.606700000000000017e+00,-3.445699999999999985e+00
-9.078399999999999803e-01,nan,6.780700000000000394e+00,3.417899999999999827e-01
3.586199999999999832e+00,nan,2.809299999999999908e+00,2.448099999999999998e-01
5.112899999999999778e+00,nan,6.286300000000000221e-01,1.118900000000000006e+00
3.910200000000000120e+00,nan,-2.453399999999999803e+00,-6.823399999999999466e-01
1.847999999999999921e-01,nan,2.013300000000000090e+00,-8.724199999999999733e-01
4.412499999999999756e-01,nan,4.322499999999999787e+00,7.155000000000000249e-01
3.094800000000000217e+00,nan,-2.900700000000000056e+00,-9.668200000000000127e-01
4.988000000000000433e+00,nan,-3.284600000000000186e+00,-1.160800000000000054e+00
5.042900000000000382e+00,nan,5.043900000000000050e-01,1.106000000000000094e+00
2.005100000000000104e+00,nan,8.131999999999999673e+00,-2.401000000000000079e-01
-3.517999999999999794e+00,nan,1.547999999999999932e-01,-1.208599999999999897e+00
-9.171799999999999953e-01,nan,1.180399999999999894e+00,-5.226300000000000168e+00
1.055199999999999916e+00,nan,-2.641099999999999781e+00,1.103299999999999975e-01
3.689400000000000013e+00,nan,-4.078800000000000203e+00,-4.366399999999999615e+00
4.343499999999999694e+00,nan,8.359799999999999454e-01,6.495499999999999607e-01
5.705999999999999961e-01,nan,1.242099999999999982e+00,-5.621000000000000441e-01
-1.729600000000000026e-01,nan,1.381799999999999917e+00,7.336000000000000298e-01
5.021399999999999864e+00,nan,-3.051499999999999879e+00,-1.715500000000000025e+00
1.375399999999999956e+00,nan,-1.913599999999999968e+00,-5.375100000000000433e-01
-2.351799999999999891e+00,nan,6.647899999999999920e+00,-6.035800000000000193e-02
3.773099999999999898e+00,nan,-1.681400000000000006e+00,-9.474200000000000399e-01
-2.780000000000000249e-01,nan,-3.133799999999999919e+00,-2.527600000000000069e+00
-2.546300000000000008e+00,nan,-8.322800000000000198e-01,-3.035800000000000054e+00
-2.226100000000000190e+00,nan,2.943799999999999972e+00,-3.525799999999999823e+00
-1.769700000000000051e+00,nan,-1.214399999999999924e+00,-2.378899999999999793e+00
7.744499999999999718e-01,nan,-2.408900000000000041e+00,-1.388400000000000079e+00
1.859199999999999964e+00,nan,-1.596599999999999964e-01,-2.620799999999999796e-01
2.852100000000000080e+00,nan,-3.646100000000000119e+00,-1.204700000000000104e+00
2.820899999999999963e+00,nan,-8.185700000000000198e-01,-1.878400000000000070e+00
2.916300000000000114e+00,nan,-3.343700000000000117e+00,-4.121999999999999886e+00
-2.726399999999999935e+00,nan,-4.921200000000000019e-01,-3.637100000000000222e+00
-1.279199999999999893e+00,nan,-4.758399999999999852e-01,-1.397399999999999975e+00
5.306300000000000239e+00,nan,-2.890400000000000080e+00,-5.271599999999999620e-01
-1.478099999999999969e+00,nan,-1.162199999999999900e+00,-4.857899999999999996e-01
-9.425499999999999989e-01,nan,-2.419199999999999962e-01,3.159299999999999886e-01
4.676499999999999879e+00,nan,3.489599999999999813e+00,1.477100000000000080e+00
3.242199999999999971e+00,nan,1.222400000000000014e-01,-1.446600000000000108e+00
-1.300000000000000044e+00,nan,-2.952999999999999847e+00,-5.863800000000000345e+00
3.884599999999999831e+00,nan,2.533399999999999874e+00,2.021399999999999864e-01
-1.727899999999999991e+00,nan,8.949400000000000688e+00,6.805799999999999628e-01
3.456599999999999895e+00,nan,-4.011199999999999655e+00,-3.594399999999999817e+00
3.946000000000000174e+00,nan,-1.544300000000000006e+00,-5.582000000000000295e-01
-1.396800000000000042e+00,nan,9.465199999999999392e+00,-3.487199999999999744e-01
6.636499999999999622e-01,nan,-1.879399999999999959e-01,2.344700000000000117e-01
-1.410600000000000076e+00,nan,5.645400000000000418e+00,3.133500000000000174e-01
-4.553099999999999703e+00,nan,1.544170000000000087e+01,-1.498299999999999965e+00
2.808399999999999785e+00,nan,-3.339399999999999924e+00,-4.419400000000000439e+00
-1.610299999999999926e-02,nan,1.539399999999999935e-01,-1.613399999999999945e+00
-9.606999999999999984e-01,nan,-3.122599999999999820e+00,-1.312100000000000044e+00
-6.447199999999999598e-01,nan,8.346999999999999531e+00,-2.709900000000000198e+00
4.885100000000000442e+00,nan,-2.908100000000000160e-04,1.640099999999999891e+00
2.387400000000000078e-01,nan,-3.352199999999999847e+00,-6.655299999999999550e-01
4.054499999999999944e-03,nan,-6.412099999999999467e-01,7.581700000000000106e-01
2.765899999999999803e+00,nan,4.149399999999999977e+00,-2.840599999999999792e-01
3.258500000000000174e+00,nan,3.802400000000000002e+00,-1.508700000000000041e-01
1.837299999999999933e+00,nan,8.402699999999999614e-01,5.525700000000000056e-01
1.326400000000000023e+00,nan,5.656600000000000072e+00,-4.133700000000000152e-01
-2.322099999999999831e+00,nan,9.233000000000000540e+00,-7.987100000000000311e-01
-4.002500000000000391e+00,nan,1.767719999999999914e+01,-3.320199999999999818e+00
4.668899999999999828e+00,nan,5.540400000000000186e-02,1.909000000000000030e+00
-3.969800000000000217e+00,nan,-6.000799999999999468e-01,-4.013300000000000090e+00
3.735199999999999854e+00,nan,-3.903200000000000003e+00,-3.348700000000000010e+00
5.437999999999999723e+00,nan,-4.941699999999999982e+00,-3.920199999999999907e+00
-1.966699999999999893e+00,nan,-4.047200000000000242e-01,-7.871900000000000119e+00
5.883599999999999941e-01,nan,-1.388400000000000079e+00,-4.327600000000000335e+00
4.635200000000000209e+00,nan,2.677299999999999791e+00,1.211999999999999966e+00
1.318300000000000027e+00,nan,-3.311100000000000154e+00,6.507100000000000384e-02
-2.826700000000000212e+00,nan,9.069399999999999906e+00,-9.823300000000000365e-01
-2.914600000000000080e+00,nan,-4.569900000000000073e-01,-4.032700000000000173e+00
4.545899999999999608e+00,nan,-2.458600000000000119e+00,-1.462099999999999955e+00
1.821600000000000108e+00,nan,8.051399999999999224e+00,-4.185499999999999776e-01
5.735299999999999621e+00,nan,-2.259799999999999809e+00,7.541599999999999693e-02
-1.942299999999999915e+00,nan,-1.289800000000000058e+00,-8.245799999999999796e-01
-3.820300000000000029e+00,nan,1.695830000000000126e+01,-2.305200000000000138e+00
5.705999999999999961e-01,nan,1.242099999999999982e+00,-5.620800000000000241e-01
1.926500000000000101e+00,nan,-1.682299999999999907e-01,-3.077100000000000168e+00
2.017700000000000049e+00,nan,-2.958099999999999952e+00,2.099000000000000032e-01
2.084299999999999820e+00,nan,4.838199999999999723e-01,-2.213400000000000034e+00
4.055200000000000138e+00,nan,1.456299999999999928e+00,6.534299999999999553e-01
4.218799999999999883e+00,nan,-1.280399999999999983e+00,7.607599999999999918e-01
1.163999999999999924e+00,nan,-4.554400000000000226e+00,-3.867199999999999971e+00
3.086399999999999810e+00,nan,2.230900000000000105e+00,3.094700000000000228e-01
-2.985800000000000121e-01,nan,-2.951200000000000045e+00,-6.616499999999999604e-01
4.071299999999999919e+00,nan,-4.172200000000000131e+00,-4.758200000000000429e+00
-2.564000000000000057e+00,nan,1.502599999999999936e+00,3.275699999999999723e-01
5.734000000000000208e-01,nan,-9.093999999999999861e-01,-1.872000000000000108e+00
2.867199999999999971e+00,nan,-3.204899999999999860e+00,-3.109500000000000153e+00
-2.314200000000000035e+00,nan,-4.681299999999999906e-01,-1.676700000000000079e+00
2.694599999999999884e+00,nan,-4.030099999999999794e-01,4.491200000000000192e-01
3.582899999999999974e+00,nan,1.021900000000000031e+00,1.400800000000000045e+00
2.660600000000000076e+00,nan,1.961899999999999977e+00,1.866200000000000081e-01
-1.522199999999999998e+00,nan,2.782700000000000173e+00,-4.097400000000000375e+00
4.363999999999999879e+00,nan,2.375700000000000145e+00,7.853200000000000180e-01
-1.011600000000000055e+00,nan,-9.059700000000000530e-01,3.003000000000000027e-03
1.161999999999999922e+00,nan,-1.282100000000000017e+00,-4.039200000000000124e+00
1.645000000000000018e+00,nan,-8.759799999999999809e-01,-3.556900000000000173e+00
1.019099999999999895e+00,nan,4.933399999999999785e+00,8.292899999999999716e-01
5.237399999999999833e-01,nan,-4.074600000000000222e+00,-1.990899999999999892e+00
-3.223800000000000221e+00,nan,3.227400000000000269e-01,-8.607799999999999896e-01
5.391499999999999737e+00,nan,-3.808100000000000041e+00,-3.364199999999999857e+00
5.623200000000000420e-01,nan,-2.272600000000000176e+00,-6.048600000000000330e-03
3.952900000000000080e+00,nan,2.379199999999999982e+00,4.827400000000000024e-01
-4.288700000000000401e+00,nan,1.183869999999999933e+01,-1.897799999999999931e+00
1.932099999999999929e+00,nan,2.601899999999999769e-01,-2.052999999999999936e+00
-2.950999999999999734e-01,nan,-5.272499999999999964e-01,-2.078899999999999970e+00
-7.828899999999999748e-01,nan,-3.764399999999999968e-01,-7.049500000000000099e+00
-3.205099999999999838e+00,nan,9.756500000000000172e-01,4.567500000000000032e-02
-2.188799999999999912e-01,nan,-9.539999999999999869e-02,5.642099999999999893e-01
-2.839100000000000179e+00,nan,1.048489999999999966e+01,-4.211300000000000043e-01
4.650000000000000355e+00,nan,3.455299999999999816e+00,-2.517400000000000193e-01
-2.481099999999999972e-01,nan,4.906799999999999606e+00,1.542900000000000105e-01
2.949899999999999967e+00,nan,1.345800000000000107e+00,-3.708299999999999791e-02
3.525700000000000056e+00,nan,1.927599999999999980e+00,1.799099999999999921e+00
2.501300000000000051e-02,nan,-4.432699999999999640e+00,-4.265500000000000291e+00
-6.600800000000000001e-01,nan,3.805800000000000072e+00,1.183599999999999985e+00
-4.078599999999999781e+00,nan,8.702600000000000335e-01,-6.538899999999999713e-01
-9.592300000000000271e-01,nan,4.985699999999999577e+00,3.288599999999999857e-01
-3.885800000000000143e+00,nan,1.279570000000000007e+01,-3.135299999999999976e+00
4.429499999999999993e+00,nan,1.704800000000000093e+00,9.094600000000000461e-01
-6.204300000000000370e-01,nan,-3.858699999999999908e-01,-6.642299999999999871e-01
-1.462800000000000100e+00,nan,2.435700000000000198e+00,4.982599999999999807e-01
-2.456100000000000172e+00,nan,6.453400000000000247e+00,-5.647900000000000142e-02
-2.882899999999999796e+00,nan,-1.887999999999999956e-01,-1.167200000000000015e+00
3.798000000000000265e-01,nan,7.571999999999999842e-01,-4.444000000000000172e-01
1.103200000000000014e-01,nan,-3.366800000000000015e+00,-6.525900000000000034e-01
1.060699999999999976e+00,nan,2.518800000000000150e+00,-1.702700000000000047e-01
5.203199999999999825e+00,nan,-1.253800000000000026e+00,1.012899999999999912e+00
3.409199999999999786e+00,nan,-2.522800000000000153e+00,-8.995800000000000463e-01
-1.797600000000000087e+00,nan,6.675300000000000011e+00,8.991200000000000303e-01
2.395199999999999996e+00,nan,-3.178300000000000125e+00,-3.008599999999999941e+00
-8.733999999999999542e-01,nan,-2.196400000000000130e+00,-7.806100000000000261e-01
-2.133300000000000196e+00,nan,-8.426100000000000256e-02,-1.745300000000000074e+00
-1.394600000000000062e+00,nan,-4.449899999999999967e-01,-1.490499999999999936e+00
3.798200000000000021e+00,nan,-4.160199999999999676e+00,-4.972800000000000331e+00
5.477699999999999791e-01,nan,-1.543500000000000094e+00,-4.163299999999999557e+00
1.580999999999999961e+00,nan,-2.313800000000000079e+00,8.241199999999999637e-01
-2.698900000000000077e+00,nan,6.766100000000000447e-01,-8.548199999999999577e+00
-4.147899999999999920e+00,nan,-8.340400000000000591e-02,-6.417200000000000237e+00
-3.701300000000000145e-01,nan,4.774899999999999700e+00,1.546999999999999931e+00
2.923299999999999788e+00,nan,-1.116800000000000015e-01,-5.866500000000000048e-01
-8.312100000000000044e-01,nan,5.369000000000000161e-02,-2.310500000000000054e-01
7.056999999999999940e-01,nan,8.336800000000000210e+00,-2.871500000000000163e+00
4.202700000000000102e+00,nan,9.610800000000000454e-01,9.728200000000000180e-01
2.013900000000000023e+00,nan,3.792900000000000160e-01,5.693799999999999972e-01
3.657500000000000195e+00,nan,-2.269200000000000106e+00,-1.143999999999999906e+00
1.304899999999999949e+00,nan,6.491100000000000314e+00,-7.534600000000000186e-01
2.467299999999999827e+00,nan,1.712499999999999911e+00,4.142100000000000226e-01
7.616300000000000292e-01,nan,1.195899999999999963e+00,-6.461299999999999821e-01
2.046600000000000197e+00,nan,2.176099999999999923e+00,-8.363400000000000001e-02
1.168600000000000055e-01,nan,-4.437899999999999956e+00,-4.374100000000000321e+00
2.564999999999999947e+00,nan,-2.994099999999999984e+00,-1.308200000000000029e+00
4.570700000000000429e+00,nan,-3.279399999999999871e+00,-1.494399999999999951e+00
-2.570100000000000051e+00,nan,8.999900000000000233e+00,2.135299999999999976e+00
9.661299999999999402e-03,nan,-4.407000000000000028e+00,-4.410300000000000331e+00
-2.706799999999999762e-01,nan,-3.556200000000000028e+00,-3.088799999999999990e+00
-1.807600000000000096e+00,nan,8.708600000000000563e+00,-2.168200000000000127e-01
3.464199999999999946e+00,nan,-3.407099999999999795e+00,-4.108999999999999986e+00
4.306400000000000006e+00,nan,-2.782399999999999984e+00,-1.433599999999999985e+00
9.422500000000000320e-01,nan,1.876200000000000090e+00,-3.254400000000000071e-01
-3.551000000000000156e+00,nan,1.864999999999999991e-01,-2.440900000000000070e+00
2.581700000000000106e+00,nan,-3.174900000000000055e+00,-2.995699999999999807e+00
4.559700000000000308e+00,nan,2.641300000000000203e+00,1.616800000000000015e+00
-1.802999999999999936e+00,nan,2.045799999999999841e+00,-5.272800000000000153e+00
3.024199999999999999e+00,nan,2.586500000000000021e+00,-5.478499999999999481e-01
-2.061999999999999944e-01,nan,-3.704400000000000137e+00,-6.810299999999999798e+00
3.694100000000000161e+00,nan,4.262500000000000178e+00,1.157699999999999951e+00
2.194300000000000139e+00,nan,-4.975999999999999979e+00,-2.725400000000000045e+00
3.776699999999999946e+00,nan,-3.907500000000000195e+00,-3.532300000000000217e+00
-2.329899999999999860e+00,nan,8.475600000000000023e+00,-1.873299999999999965e+00
-2.483999999999999986e+00,nan,2.820399999999999796e+00,-3.741800000000000015e+00
-3.098599999999999799e+00,nan,8.971700000000000230e+00,-2.342699999999999783e+00
-2.541900000000000048e+00,nan,2.684200000000000141e+00,1.195200000000000040e+00
3.999400000000000066e+00,nan,1.169300000000000006e+00,1.689200000000000035e+00
2.392500000000000071e+00,nan,-3.036099999999999799e+00,-2.822400000000000020e+00
1.603199999999999958e+00,nan,8.519299999999999429e+00,-2.120299999999999851e+00
1.957200000000000051e+00,nan,8.612700000000000244e+00,-1.429699999999999971e+00
2.745099999999999763e-01,nan,-3.286300000000000221e+00,-4.844800000000000217e+00
9.644099999999999895e-01,nan,2.323500000000000121e+00,6.636499999999999344e-02
-1.507800000000000029e+00,nan,7.898100000000000342e+00,1.228900000000000103e+00
4.137299999999999756e+00,nan,1.092999999999999972e+00,1.827599999999999891e+00
-3.392399999999999860e+00,nan,-7.200400000000000134e-01,-3.523299999999999876e+00
3.628899999999999793e+00,nan,1.627699999999999925e+00,7.762700000000000156e-01
6.005000000000000338e-01,nan,-2.212600000000000122e+00,9.739899999999999947e-02
-6.336400000000000254e+00,nan,1.427499999999999949e-02,-6.784399999999999764e+00
-2.761099999999999888e+00,nan,9.023899999999999366e+00,-1.954700000000000104e+00
3.583000000000000185e+00,nan,3.439099999999999824e+00,-1.250100000000000100e-01
-6.577300000000000146e+00,nan,8.548299999999999788e-01,-7.534399999999999764e+00
-3.602500000000000147e-01,nan,2.106700000000000017e+00,9.430800000000000294e-01
1.159199999999999953e-01,nan,-3.430200000000000138e+00,-2.845699999999999896e+00
-3.622700000000000031e+00,nan,-3.584499999999999909e-01,-3.904700000000000060e+00
-6.891900000000000283e-03,nan,-4.124300000000000188e-01,-1.963799999999999990e+00
-2.790799999999999947e+00,nan,5.953000000000000291e+00,4.594599999999999795e-01
-1.094100000000000072e+00,nan,-2.523699999999999832e+00,-1.445300000000000029e+00
-5.525000000000000355e+00,nan,8.976800000000000335e-01,-6.624100000000000321e+00
5.782300000000000217e+00,nan,-2.408900000000000041e+00,-5.647900000000000142e-02
3.459099999999999842e+00,nan,-4.203899999999999970e+00,-5.093099999999999739e+00
-8.872799999999999576e-01,nan,-3.143200000000000216e+00,-1.203500000000000014e+00
-3.816699999999999982e+00,nan,-6.506300000000000416e-01,-5.430600000000000094e+00
-1.505500000000000060e+00,nan,6.868100000000000094e+00,-5.064800000000000413e-01
-1.897399999999999975e+00,nan,-1.784200000000000008e+00,-3.849099999999999966e+00
4.718099999999999739e+00,nan,-3.948599999999999888e+00,-3.858200000000000074e+00
-1.585099999999999953e+00,nan,1.708199999999999941e+00,9.016999999999999460e-01
2.679899999999999949e+00,nan,3.407299999999999773e-01,5.848900000000000210e-01
-4.928100000000000258e-01,nan,-1.835599999999999898e+00,-2.834000000000000075e+00
1.341900000000000093e+00,nan,8.089999999999999858e+00,-1.734900000000000109e+00
-2.004199999999999982e+00,nan,9.333299999999999486e+00,-1.030299999999999966e-01
-8.172000000000000375e-01,nan,-3.668400000000000105e+00,-3.455999999999999961e+00
8.673600000000000199e-01,nan,1.676500000000000101e+00,-1.676900000000000057e-01
2.952000000000000179e-01,nan,-5.149000000000000021e+00,-6.232300000000000395e+00
5.275599999999999845e+00,nan,1.213800000000000018e-01,1.143499999999999961e+00
-2.664899999999999824e+00,nan,1.266890000000000072e+01,-1.908199999999999896e+00
-8.633899999999999908e-01,nan,-2.372900000000000009e+00,-1.089699999999999891e+00
-2.165200000000000014e+00,nan,-2.413199999999999790e+00,-2.424100000000000144e+00
3.543800000000000061e+00,nan,1.997000000000000108e+00,2.154700000000000060e+00
-7.206799999999999873e-01,nan,5.840799999999999770e+00,6.236899999999999666e-01
-4.506200000000000205e-01,nan,7.085799999999999876e+00,-4.030299999999999994e-01
1.019400000000000084e+00,nan,-2.299999999999999822e+00,5.939499999999999780e-01
8.887199999999999545e-01,nan,2.044999999999999929e+00,-1.935499999999999998e-01
1.941000000000000059e+00,nan,4.647199999999999775e+00,1.087900000000000089e+00
-8.260100000000000220e-01,nan,-1.286399999999999988e+00,-1.464699999999999891e+00
2.252600000000000158e+00,nan,-3.174900000000000055e+00,-2.994400000000000173e+00
1.334899999999999975e+00,nan,4.649699999999999944e-01,4.982599999999999807e-01
5.705999999999999961e-01,nan,1.242099999999999982e+00,-5.621000000000000441e-01
4.605400000000000382e+00,nan,2.758700000000000152e+00,3.198099999999999832e-01
-4.021399999999999864e+00,nan,1.561989999999999945e+01,-9.564700000000000424e-01
1.964699999999999891e+00,nan,5.772199999999999553e-01,6.637699999999999712e-01
-1.862900000000000000e+00,nan,2.537700000000000067e+00,9.739899999999999947e-02
-1.673499999999999988e-01,nan,1.206099999999999950e+00,-3.624099999999999877e+00
-8.940900000000000514e-01,nan,-1.821900000000000075e+00,-2.945199999999999818e+00
2.656200000000000117e+00,nan,-3.308499999999999996e+00,-4.076699999999999768e+00
6.601799999999999891e-01,nan,-1.402900000000000036e+00,-3.915099999999999802e+00
1.526799999999999935e+00,nan,8.656399999999999650e+00,-1.721999999999999975e+00
-2.647899999999999920e+00,nan,-1.330999999999999961e+00,-5.470699999999999896e+00
1.227899999999999991e+00,nan,-4.643500000000000405e+00,-3.912500000000000089e+00
2.506800000000000139e+00,nan,3.924900000000000055e+00,1.258499999999999897e-01
6.211999999999999744e-01,nan,-4.077099999999999724e+00,-2.071099999999999941e+00
4.222999999999999865e+00,nan,7.220199999999999951e-01,9.611800000000000344e-01
-9.592300000000000271e-01,nan,6.220399999999999707e+00,-1.482799999999999896e+00
4.032899999999999707e+00,nan,8.908199999999999452e-01,1.182299999999999907e+00
-4.994799999999999796e-01,nan,-2.246900000000000119e+00,-6.810399999999999787e-01
4.166500000000000092e+00,nan,2.344799999999999940e-01,2.784300000000000108e-01
1.308699999999999974e+00,nan,2.001300000000000079e+00,2.202399999999999913e-01
-2.033599999999999852e+00,nan,1.158199999999999896e+00,3.650700000000000056e-01
1.427599999999999980e+00,nan,-2.099499999999999922e+00,-1.967700000000000005e+00
2.188099999999999934e+00,nan,1.327800000000000091e+00,-1.832000000000000017e-01
8.035499999999999865e-01,nan,4.343899999999999650e+00,6.017000000000000126e-01
2.560500000000000220e+00,nan,-3.591299999999999937e+00,-1.356000000000000094e+00
-1.955500000000000016e+00,nan,1.247300000000000075e+00,-3.706999999999999740e-01
8.362500000000000488e-01,nan,-2.470600000000000129e+00,-6.294500000000000095e-02
1.478299999999999892e-01,nan,1.074200000000000044e+00,-3.340899999999999981e+00
4.636099999999999888e+00,nan,2.835799999999999876e+00,1.199100000000000055e+00
-3.929699999999999971e+00,nan,1.009580000000000055e+01,-1.014699999999999935e+00
4.096199999999999619e+00,nan,-3.932300000000000129e+00,-4.182699999999999640e+00
4.926400000000000112e+00,nan,-2.477399999999999824e+00,-5.064800000000000413e-01
-5.385699999999999932e+00,nan,-4.192899999999999960e-01,-5.918099999999999916e+00
-1.576799999999999979e+00,nan,2.546199999999999797e+00,-2.936199999999999921e+00
-1.341399999999999926e+00,nan,-1.553799999999999903e-01,-1.198400000000000021e-01
7.573600000000000332e-01,nan,2.916399999999999881e+00,-6.811699999999999700e-02
-4.211000000000000298e+00,nan,1.497039999999999971e+01,-1.388400000000000079e+00
-1.409399999999999986e+00,nan,-1.039700000000000069e-01,-1.922500000000000042e-01
5.194999999999999618e-01,nan,3.089500000000000135e+00,-9.848999999999999977e-01
1.749600000000000044e+00,nan,5.182699999999999640e+00,1.292200000000000015e+00
-3.000000000000000000e+00,nan,9.576599999999999113e+00,-7.301800000000000512e-01
4.216400000000000148e+00,nan,-4.928799999999999848e+00,-5.236600000000000144e+00
5.705999999999999961e-01,nan,1.242099999999999982e+00,-5.621000000000000441e-01
7.406700000000000506e-01,nan,-3.196299999999999919e+00,-1.456999999999999962e-01
1.899299999999999988e+00,nan,1.539399999999999935e-01,-3.110799999999999788e+00
-3.136600000000000055e+00,nan,2.622500000000000053e+00,-6.423800000000000343e-02
3.291999999999999926e-01,nan,4.571799999999999642e+00,-9.888000000000000123e-01
1.640600000000000058e+00,nan,1.396400000000000086e+00,-3.642400000000000082e-01
2.031000000000000139e+00,nan,-3.012100000000000222e+00,3.003000000000000027e-03
1.158800000000000052e+00,nan,-2.080700000000000216e+00,-1.127199999999999980e+00
2.423500000000000210e+00,nan,-3.078899999999999970e+00,-2.774599999999999955e+00
-2.591200000000000170e+00,nan,1.279800000000000049e+00,1.041400000000000103e+00
-2.258000000000000007e+00,nan,9.372700000000000031e+00,-8.594899999999999762e-01
-5.307199999999999696e-01,nan,-2.179300000000000126e-01,1.042599999999999971e+00
-5.301199999999999690e+00,nan,2.969899999999999970e-02,-7.398699999999999832e+00
2.367799999999999905e+00,nan,8.420700000000000074e+00,-4.482900000000000218e-01
1.547800000000000065e+00,nan,-1.632600000000000051e+00,-1.737500000000000044e+00
2.251700000000000035e+00,nan,4.291599999999999859e+00,-1.248699999999999921e+00
-1.821499999999999897e+00,nan,-7.226099999999999746e-01,-2.353000000000000203e+00
1.781900000000000039e+00,nan,-1.274399999999999977e+00,-1.575900000000000079e+00
-4.855400000000000382e+00,nan,1.098179999999999978e+01,-8.219899999999999984e-01
-3.627900000000000014e-01,nan,-1.921300000000000008e+00,-3.333200000000000163e+00
1.143000000000000016e+00,nan,5.455199999999999605e+00,-5.698400000000000132e-01
-1.139100000000000001e+00,nan,6.914399999999999658e+00,7.012699999999999489e-01
-2.367500000000000160e+00,nan,1.691999999999999948e+00,-4.301800000000000068e-01
4.283000000000000140e-01,nan,-1.073099999999999943e+00,3.210999999999999965e-01
-2.899000000000000021e+00,nan,2.604499999999999815e+00,1.377599999999999936e+00
4.879700000000000149e-01,nan,-4.388200000000000323e+00,-3.811599999999999877e+00
2.059699999999999864e+00,nan,5.211899999999999977e+00,-2.931199999999999917e-01
-6.432600000000000540e-01,nan,-2.945199999999999818e+00,-1.027600000000000069e+00
-5.240599999999999703e+00,nan,-1.990800000000000070e-01,-6.860699999999999577e+00
3.291999999999999926e-01,nan,4.571799999999999642e+00,-9.888000000000000123e-01
2.739100000000000090e+00,nan,7.168399999999999772e-02,-2.530199999999999783e+00
4.097199999999999953e+00,nan,1.667100000000000026e+00,9.159300000000000219e-01
1.567299999999999915e+00,nan,-5.684199999999999670e-02,-2.169399999999999995e+00
2.887999999999999901e+00,nan,4.590700000000000003e+00,-2.439800000000000024e-01
-4.387599999999999945e+00,nan,1.196550000000000047e+01,-1.454299999999999926e+00
3.779100000000000126e+00,nan,1.309800000000000075e+00,5.655000000000000027e-01
-5.881800000000000139e+00,nan,5.557999999999999607e-01,-2.915500000000000203e+00
3.357699999999999907e+00,nan,6.024099999999999788e+00,1.827400000000000135e-01
1.642600000000000060e+00,nan,2.284899999999999987e-01,-1.469999999999999918e-01
-2.014899999999999913e+00,nan,-1.938499999999999890e+00,-3.891799999999999926e+00
-5.166100000000000136e+00,nan,4.426499999999999879e-02,-4.498300000000000409e+00
